F4-wing     DEF1
 y = 74.21084 mm
         upper side lower side
  x (mm)    z (mm)    z (mm)
 37.97545   8.86741   8.86741
 37.98555   9.54780   8.39685
 37.99565   9.85686   8.12685
 38.02597  10.22070   7.85685
 38.07651  10.65029   7.51685
 38.17758  11.14957   7.02685
 38.37971  11.88937   6.40685
 38.58185  12.39876   5.93991
 38.78400  12.81923   5.54991
 38.98613  13.18307   5.21235
 39.18826  13.50243   4.91235
 39.39041  13.78544   4.63945
 39.59254  14.03406   4.38445
 39.79468  14.25035   4.13851
 39.99683  14.44239   3.90083
 40.19896  14.61016   3.66538
 40.40109  14.77273   3.43468
 40.60323  14.92636   3.21195
 40.80537  15.06886   3.00015
 41.00751  15.20228   2.80211
 41.20964  15.32861   2.61552
 41.41179  15.44788   2.43653
 41.61392  15.56107   2.26491
 41.81606  15.66820   2.10009
 42.01820  15.77129   1.94155
 42.22034  15.86731   1.78876
 42.42247  15.95827   1.64152
 42.62460  16.04672   1.49788
 42.82675  16.13040   1.35580
 43.02888  16.20956   1.21584
 43.23102  16.28459   1.07903
 43.43317  16.35573   0.94635
 43.63530  16.42331   0.81526
 43.83743  16.48888   0.68531
 44.03958  16.55368   0.55713
 44.24171  16.61729   0.43138
 44.44385  16.67918   0.30846
 44.64598  16.73862   0.18787
 44.84813  16.79726   0.06925
 45.05026  16.85536  -0.04728
 45.25240  16.91263  -0.16179
 45.45454  16.96858  -0.27420
 45.65668  17.02260  -0.38473
 45.85881  17.07480  -0.49382
 46.06096  17.12561  -0.60160
 46.26309  17.17513  -0.70766
 46.56630  17.24698  -0.86388
 47.07164  17.36032  -1.11633
 48.08234  17.57298  -1.59782
 49.09302  17.76920  -2.05289
 50.10371  17.94823  -2.48094
 52.12508  18.24840  -3.26032
 54.14645  18.49985  -3.98666
 56.16783  18.69832  -4.65889
 58.18922  18.86786  -5.26466
 60.21060  19.01669  -5.83078
 62.23198  19.13202  -6.35062
 64.25336  19.21957  -6.84222
 66.27472  19.28720  -7.30987
 68.29610  19.33725  -7.74847
 70.31749  19.36478  -8.16192
 72.33887  19.37202  -8.55552
 74.36024  19.36577  -8.92883
 76.38162  19.34103  -9.28348
 78.40300  19.30284  -9.59402
 80.42436  19.25130  -9.90022
 82.44576  19.18669 -10.20383
 84.46713  19.10681 -10.49384
 86.48851  19.01752 -10.77154
 88.50989  18.91653 -11.02273
 90.53127  18.80333 -11.26063
 92.55264  18.68199 -11.48745
 94.57401  18.55176 -11.69903
 96.59540  18.41321 -11.89854
 98.61678  18.26575 -12.08681
100.63815  18.10791 -12.27057
102.65953  17.94627 -12.44890
104.68091  17.77853 -12.61914
106.70227  17.60272 -12.78542
108.72366  17.41978 -12.94828
110.74504  17.22975 -13.10981
112.76642  17.03259 -13.25697
114.78780  16.83057 -13.35394
116.80917  16.62022 -13.44350
118.83055  16.40401 -13.52868
120.85193  16.18254 -13.60200
122.87331  15.95421 -13.66729
124.89468  15.72079 -13.72731
126.91606  15.48113 -13.77902
128.93744  15.23656 -13.81941
130.95882  14.98603 -13.85400
132.98019  14.73128 -13.88323
135.00157  14.47054 -13.90645
137.02295  14.20566 -13.92657
139.04433  13.93584 -13.92574
141.06570  13.66102 -13.89988
143.08708  13.38207 -13.84312
145.10846  13.09810 -13.73942
147.12984  12.80890 -13.63782
149.15121  12.51475 -13.53413
151.17259  12.21569 -13.41390
153.19397  11.91250 -13.28362
155.21535  11.60321 -13.14212
157.23672  11.28897 -12.98589
159.25810  10.96959 -12.81572
161.27948  10.64500 -12.63304
163.30086  10.31549 -12.44067
165.32224   9.98001 -12.23934
167.34361   9.63732 -12.02610
169.36499   9.28859 -11.80563
171.38638   8.93168 -11.57910
173.40775   8.56781 -11.34389
175.42912   8.19618 -11.10072
177.45050   7.81746 -10.85039
179.47188   7.43159 -10.59378
181.49326   7.03779 -10.33407
183.51465   6.63505 -10.07323
185.53601   6.22459  -9.81419
187.55739   5.80525  -9.55756
189.57877   5.38212  -9.31253
191.60014   4.95454  -9.08369
193.62152   4.51731  -8.87261
195.64290   4.07265  -8.68159
197.66429   3.62162  -8.51107
199.68565   3.16119  -8.36058
201.70703   2.69585  -8.22699
203.72841   2.22176  -8.11193
205.74979   1.71924  -8.00997
207.77116   1.24472  -7.92004
209.79256   0.75296  -7.84877
211.81393   0.24503  -7.79377
213.83530  -0.26646  -7.75093
215.85667  -0.79733  -7.72229
217.87805  -1.33880  -7.70406
219.89943  -1.88477  -7.70145
221.92082  -2.45731  -7.71699
223.94220  -3.01339  -7.74851
225.96358  -3.59918  -7.79959
227.98494  -4.18995  -7.86627
230.00632  -4.79380  -7.94658
232.02769  -5.39202  -8.04070
234.04909  -6.02476  -8.16259
236.07047  -6.66103  -8.30681
238.09184  -7.30283  -8.48235
240.11322  -7.95444  -8.70058
F4-wing     DEF2
 y = 235.07895 mm
         upper side lower side
  x (mm)    z (mm)    z (mm)
 120.29601   1.62214   1.62214
 120.30199   1.69003   1.50441
 120.30798   1.74038   1.46825
 120.32596   1.86831   1.36916
 120.35591   2.06046   1.27147
 120.41582   2.24355   1.13872
 120.53563   2.50286   0.88775
 120.65546   2.70280   0.72088
 120.77527   2.86229   0.58025
 120.89508   3.01613   0.44801
 121.01491   3.16267   0.33850
 121.13472   3.28560   0.24080
 121.25453   3.40075   0.14511
 121.37436   3.51340   0.05337
 121.49417   3.62156  -0.03162
 121.61398   3.72262  -0.10846
 121.73381   3.81543  -0.18233
 121.85362   3.90449  -0.25509
 121.97343   3.99186  -0.32568
 122.09326   4.07640  -0.39343
 122.21307   4.15748  -0.45758
 122.33289   4.23429  -0.51748
 122.45271   4.30608  -0.57586
 122.57253   4.37480  -0.63364
 122.69234   4.44245  -0.69053
 122.81216   4.50871  -0.74632
 122.93198   4.57335  -0.80082
 123.05179   4.63613  -0.85384
 123.17162   4.69683  -0.90506
 123.29143   4.75511  -0.95479
 123.41124   4.81089  -1.00382
 123.53107   4.86495  -1.05210
 123.65088   4.91791  -1.09930
 123.77069   4.96930  -1.14497
 123.89052   5.01873  -1.18981
 124.01033   5.06607  -1.23416
 124.13014   5.11242  -1.27793
 124.24997   5.15792  -1.32096
 124.36978   5.20234  -1.36304
 124.48959   5.24545  -1.40435
 124.60942   5.28703  -1.44515
 124.72923   5.32745  -1.48541
 124.84904   5.36696  -1.52508
 124.96887   5.40550  -1.56414
 125.08868   5.44299  -1.60252
 125.20850   5.47941  -1.64040
 125.38823   5.53197  -1.69653
 125.68777   5.61587  -1.78773
 126.28685   5.76839  -1.96180
 126.88594   5.90389  -2.12701
 127.48503   6.02639  -2.28424
 128.68320   6.23874  -2.57918
 129.88136   6.42062  -2.85286
 131.07954   6.57996  -3.10960
 132.27771   6.72179  -3.35252
 133.47589   6.84906  -3.58360
 134.67406   6.96369  -3.80463
 135.87222   7.06740  -4.01674
 137.07040   7.16129  -4.22075
 138.26857   7.24634  -4.41738
 139.46675   7.32332  -4.60716
 140.66492   7.39275  -4.79014
 141.86308   7.45519  -4.96656
 143.06126   7.51112  -5.13649
 144.25943   7.56088  -5.29969
 145.45760   7.60478  -5.45602
 146.65578   7.64307  -5.60537
 147.85394   7.67604  -5.74764
 149.05211   7.70382  -5.88260
 150.25029   7.72664  -6.01011
 151.44846   7.74471  -6.13013
 152.64662   7.75813  -6.24257
 153.84480   7.76704  -6.34748
 155.04297   7.77155  -6.44476
 156.24115   7.77171  -6.53442
 157.43932   7.76767  -6.61672
 158.63748   7.75965  -6.69180
 159.83566   7.74754  -6.75954
 161.03383   7.73140  -6.82024
 162.23201   7.71144  -6.87414
 163.43018   7.68762  -6.92130
 164.62834   7.66006  -6.96195
 165.82652   7.62871  -6.99618
 167.02469   7.59365  -7.02421
 168.22285   7.55499  -7.04624
 169.42104   7.51260  -7.06241
 170.61920   7.46666  -7.07279
 171.81737   7.41706  -7.07762
 173.01555   7.36376  -7.07705
 174.21371   7.30687  -7.07120
 175.41188   7.24638  -7.06027
 176.61006   7.18229  -7.04422
 177.80823   7.11447  -7.02331
 179.00641   7.04291  -6.99776
 180.20457   6.96771  -6.96771
 181.40274   6.88867  -6.93299
 182.60092   6.80577  -6.89236
 183.79909   6.71899  -6.84621
 184.99727   6.62818  -6.79411
 186.19543   6.53328  -6.73535
 187.39360   6.43423  -6.67076
 188.59178   6.33085  -6.60031
 189.78995   6.22291  -6.52350
 190.98811   6.11024  -6.43992
 192.18629   5.99275  -6.34909
 193.38446   5.87019  -6.25063
 194.58263   5.74212  -6.14503
 195.78081   5.60834  -6.03180
 196.97897   5.46857  -5.91113
 198.17714   5.32243  -5.78336
 199.37532   5.16956  -5.64740
 200.57349   5.00959  -5.50348
 201.77167   4.84230  -5.35253
 202.96983   4.66775  -5.19327
 204.16800   4.48588  -5.02803
 205.36618   4.29670  -4.85802
 206.56435   4.10074  -4.68586
 207.76253   3.89799  -4.51333
 208.96069   3.68885  -4.34223
 210.15886   3.47340  -4.17412
 211.35704   3.25202  -4.01039
 212.55521   3.02475  -3.85272
 213.75337   2.79171  -3.70198
 214.95155   2.55304  -3.55737
 216.14972   2.30907  -3.42240
 217.34789   2.05968  -3.29749
 218.54607   1.80517  -3.18330
 219.74423   1.54566  -3.08255
 220.94240   1.28142  -2.99418
 222.14058   1.01232  -2.92191
 223.33875   0.73851  -2.86685
 224.53693   0.46013  -2.82820
 225.73509   0.17711  -2.80630
 226.93326  -0.11069  -2.80092
 228.13144  -0.40338  -2.81214
 229.32961  -0.70119  -2.84200
 230.52779  -1.00433  -2.88917
 231.72595  -1.31330  -2.95717
 232.92412  -1.62845  -3.04882
 234.12230  -1.95020  -3.16616
 235.32047  -2.27932  -3.31602
 236.51865  -2.61629  -3.49861
 237.71681  -2.96190  -3.71592
 238.91498  -3.31719  -3.97898
 240.11316  -3.68303  -4.30118
F4-wing     DEF3
 y = 411.38816 mm
         upper side lower side
  x (mm)    z (mm)    z (mm)
 210.51823   0.51626   0.51626
 210.52274   0.57658   0.43625
 210.52725   0.61720   0.41051
 210.54079   0.72453   0.33991
 210.56334   0.87481   0.26220
 210.60846   1.00256   0.16574
 210.69868   1.20314  -0.01844
 210.78891   1.35266  -0.14538
 210.87915   1.47512  -0.24873
 210.96938   1.59432  -0.34638
 211.05960   1.70520  -0.42924
 211.14984   1.79808  -0.50086
 211.24007   1.88717  -0.57099
 211.33029   1.97390  -0.63851
 211.42053   2.05670  -0.70150
 211.51076   2.13358  -0.75856
 211.60098   2.20440  -0.81243
 211.69122   2.27329  -0.86558
 211.78145   2.34063  -0.91726
 211.87167   2.40561  -0.96700
 211.96191   2.46773  -1.01420
 212.05214   2.52637  -1.05830
 212.14236   2.58113  -1.10066
 212.23260   2.63443  -1.14259
 212.32283   2.68687  -1.18391
 212.41306   2.73816  -1.22447
 212.50330   2.78814  -1.26412
 212.59352   2.83661  -1.30270
 212.68375   2.88340  -1.34002
 212.77399   2.92820  -1.37610
 212.86421   2.97125  -1.41152
 212.95444   3.01329  -1.44647
 213.04468   3.05439  -1.48067
 213.13490   3.09418  -1.51382
 213.22513   3.13223  -1.54612
 213.31537   3.16909  -1.57805
 213.40559   3.20534  -1.60960
 213.49582   3.24086  -1.64061
 213.58606   3.27548  -1.67097
 213.67628   3.30896  -1.70069
 213.76651   3.34137  -1.72997
 213.85675   3.37303  -1.75889
 213.94698   3.40400  -1.78736
 214.03720   3.43418  -1.81540
 214.12744   3.46355  -1.84293
 214.21767   3.49204  -1.87004
 214.35301   3.53341  -1.91016
 214.57858   3.59963  -1.97534
 215.02974   3.72038  -2.09942
 215.48090   3.82861  -2.21675
 215.93204   3.92708  -2.32817
 216.83435   4.09991  -2.53614
 217.73665   4.25006  -2.72813
 218.63895   4.38351  -2.90731
 219.54126   4.50385  -3.07606
 220.44356   4.61329  -3.23589
 221.34586   4.71325  -3.38815
 222.24815   4.80503  -3.53370
 223.15047   4.88943  -3.67316
 224.05276   4.96721  -3.80707
 224.95506   5.03893  -3.93584
 225.85738   5.10497  -4.05952
 226.75967   5.16576  -4.17827
 227.66197   5.22167  -4.29217
 228.56427   5.27293  -4.40104
 229.46658   5.31978  -4.50478
 230.36888   5.36242  -4.60329
 231.27119   5.40106  -4.69649
 232.17349   5.43580  -4.78424
 233.07579   5.46679  -4.86641
 233.97809   5.49423  -4.94295
 234.88039   5.51817  -5.01381
 235.78270   5.53871  -5.07902
 236.68500   5.55595  -5.13850
 237.58731   5.56991  -5.19226
 238.48961   5.58073  -5.24046
 239.39191   5.58855  -5.28325
 240.29420   5.59326  -5.32052
 241.19652   5.59497  -5.35247
 242.09882   5.59382  -5.37929
 243.00111   5.58974  -5.40104
 243.90343   5.58286  -5.41787
 244.80573   5.57313  -5.42988
 245.70802   5.56061  -5.43718
 246.61032   5.54538  -5.43997
 247.51263   5.52732  -5.43834
 248.41493   5.50663  -5.43233
 249.31723   5.48317  -5.42212
 250.21954   5.45691  -5.40784
 251.12184   5.42799  -5.38957
 252.02414   5.39633  -5.36747
 252.92645   5.36197  -5.34150
 253.82875   5.32479  -5.31184
 254.73105   5.28481  -5.27868
 255.63336   5.24210  -5.24210
 256.53564   5.19647  -5.20205
 257.43774   5.14796  -5.15758
 258.34008   5.09652  -5.10890
 259.24243   5.04204  -5.05581
 260.14477   4.98449  -4.99766
 261.04711   4.92382  -4.93507
 261.94946   4.85986  -4.86807
 262.85156   4.79247  -4.79630
 263.75390   4.72153  -4.71941
 264.65625   4.64697  -4.63708
 265.55859   4.56855  -4.54897
 266.46093   4.48599  -4.45543
 267.36328   4.39912  -4.35615
 268.26538   4.30774  -4.25121
 269.16772   4.21155  -4.14089
 270.07006   4.11029  -4.02442
 270.97241   4.00370  -3.90186
 271.87475   3.89161  -3.77401
 272.77709   3.77410  -3.63982
 273.67919   3.65109  -3.50106
 274.58154   3.52263  -3.35863
 275.48388   3.38914  -3.21449
 276.38623   3.25055  -3.07006
 277.28857   3.10721  -2.92668
 278.19091   2.95918  -2.78554
 279.09301   2.80673  -2.64771
 279.99536   2.64987  -2.51445
 280.89770   2.48872  -2.38645
 281.80004   2.32337  -2.26310
 282.70239   2.15407  -2.14704
 283.60473   1.98073  -2.03859
 284.50683   1.80358  -1.93827
 285.40917   1.62271  -1.84812
 286.31152   1.43831  -1.76735
 287.21386   1.25028  -1.69876
 288.11621   1.05874  -1.64317
 289.01855   0.86382  -1.59998
 289.92065   0.66541  -1.56942
 290.82299   0.46345  -1.55132
 291.72534   0.25782  -1.54575
 292.62768   0.04838  -1.55422
 293.53002  -0.16504  -1.57573
 294.43212  -0.38282  -1.61294
 295.33447  -0.60520  -1.66792
 296.23681  -0.83252  -1.74225
 297.13916  -1.06532  -1.84101
 298.04150  -1.30400  -1.96425
 298.94384  -1.54910  -2.11351
 299.84594  -1.80141  -2.29699
 300.74829  -2.06159  -2.52458
F4-wing     DEF4
 y = 587.69737 mm
         upper side lower side
  x (mm)    z (mm)    z (mm)
 300.74047  -0.40068  -0.40068
 300.74340  -0.34740  -0.44624
 300.74633  -0.31560  -0.46316
 300.75561  -0.22824  -0.50611
 300.77075  -0.13497  -0.56147
 300.80102  -0.05292  -0.62320
 300.86157   0.08629  -0.74101
 300.92236   0.18598  -0.82821
 300.98291   0.27185  -0.89511
 301.04345   0.35557  -0.95838
 301.10424   0.42913  -1.01454
 301.16479   0.49317  -1.06085
 301.22558   0.55568  -1.10583
 301.28613   0.61596  -1.14947
 301.34667   0.67269  -1.19072
 301.40747   0.72485  -1.22837
 301.46801   0.77409  -1.26284
 301.52880   0.82242  -1.29674
 301.58935   0.86925  -1.32989
 301.64990   0.91423  -1.36190
 301.71069   0.95690  -1.39245
 301.77124   0.99687  -1.42117
 301.83178   1.03503  -1.44805
 301.89257   1.07259  -1.47454
 301.95312   1.10941  -1.50070
 302.01391   1.14534  -1.52640
 302.07446   1.18026  -1.55156
 302.13500   1.21404  -1.57607
 302.19580   1.24651  -1.59984
 302.25634   1.27763  -1.62274
 302.31713   1.30792  -1.64499
 302.37768   1.33761  -1.66693
 302.43823   1.36642  -1.68848
 302.49902   1.39411  -1.70948
 302.55957   1.42080  -1.72975
 302.62011   1.44703  -1.74965
 302.68090   1.47279  -1.76933
 302.74145   1.49794  -1.78870
 302.80224   1.52233  -1.80770
 302.86279   1.54596  -1.82626
 302.92333   1.56903  -1.84444
 302.98413   1.59163  -1.86237
 303.04467   1.61370  -1.88004
 303.10546   1.63520  -1.89742
 303.16601   1.65611  -1.91451
 303.22656   1.67647  -1.93126
 303.31762   1.70631  -1.95595
 303.46923   1.75398  -1.99608
 303.77246   1.84146  -2.07213
 304.07568   1.92086  -2.14357
 304.37890   1.99362  -2.21112
 304.98535   2.12364  -2.33601
 305.59155   2.23865  -2.45022
 306.19799   2.34270  -2.55573
 306.80444   2.43802  -2.65422
 307.41088   2.52606  -2.74670
 308.01733   2.60778  -2.83407
 308.62377   2.68404  -2.91695
 309.23022   2.75535  -2.99574
 309.83666   2.82224  -3.07080
 310.44287   2.88505  -3.14242
 311.04931   2.94408  -3.21065
 311.65576   2.99957  -3.27558
 312.26220   3.05180  -3.33728
 312.86865   3.10091  -3.39563
 313.47509   3.14706  -3.45058
 314.08154   3.19039  -3.50204
 314.68774   3.23103  -3.54997
 315.29418   3.26905  -3.59427
 315.90063   3.30456  -3.63483
 316.50708   3.33769  -3.67166
 317.11352   3.36846  -3.70467
 317.71997   3.39696  -3.73390
 318.32641   3.42322  -3.75932
 318.93286   3.44730  -3.78088
 319.53906   3.46927  -3.79871
 320.14550   3.48922  -3.81290
 320.75195   3.50708  -3.82339
 321.35839   3.52294  -3.83029
 321.96484   3.53686  -3.83373
 322.57128   3.54883  -3.83376
 323.17773   3.55891  -3.83047
 323.78417   3.56707  -3.82394
 324.39038   3.57337  -3.81423
 324.99682   3.57784  -3.80146
 325.60327   3.58044  -3.78572
 326.20971   3.58125  -3.76701
 326.81616   3.58018  -3.74547
 327.42260   3.57726  -3.72118
 328.02905   3.57254  -3.69418
 328.63525   3.56599  -3.66460
 329.24169   3.55761  -3.63240
 329.84814   3.54735  -3.59770
 330.45458   3.53521  -3.56063
 331.06103   3.52122  -3.52122
 331.66748   3.50528  -3.47954
 332.27392   3.48740  -3.43491
 332.88037   3.46754  -3.38741
 333.48657   3.44565  -3.33697
 334.09301   3.42169  -3.28313
 334.69946   3.39563  -3.22623
 335.30590   3.36735  -3.16637
 335.91235   3.33676  -3.10331
 336.51879   3.30378  -3.03680
 337.12524   3.26836  -2.96664
 337.73144   3.23033  -2.89255
 338.33789   3.18951  -2.81478
 338.94433   3.14580  -2.73313
 339.55078   3.09904  -2.64761
 340.15722   3.04903  -2.55845
 340.76367   2.99561  -2.46516
 341.37011   2.93861  -2.36768
 341.97656   2.87795  -2.26663
 342.58276   2.81367  -2.16126
 343.18920   2.74572  -2.05271
 343.79565   2.67418  -1.94161
 344.40209   2.59929  -1.82927
 345.00854   2.52103  -1.71672
 345.61499   2.43963  -1.60486
 346.22143   2.35512  -1.49448
 346.82788   2.26769  -1.38633
 347.43408   2.17733  -1.28128
 348.04052   2.08412  -1.17981
 348.64697   1.98815  -1.08151
 349.25341   1.88955  -0.98813
 349.85986   1.78828  -0.89992
 350.46630   1.68449  -0.81724
 351.07275   1.57826  -0.74144
 351.67895   1.46967  -0.67202
 352.28540   1.35869  -0.61085
 352.89184   1.24538  -0.55848
 353.49829   1.12984  -0.51448
 354.10473   1.01199  -0.47901
 354.71118   0.89177  -0.45193
 355.31762   0.76913  -0.43332
 355.92407   0.64396  -0.42415
 356.53027   0.51613  -0.42374
 357.13671   0.38542  -0.43393
 357.74316   0.25165  -0.45605
 358.34960   0.11461  -0.49116
 358.95605  -0.02608  -0.54264
 359.56250  -0.17063  -0.61043
 360.16894  -0.31945  -0.69557
 360.77539  -0.47304  -0.80352
 361.38159  -0.63182  -0.94068
