TITLE= "F6 tests in ONERA S2MA W.T. August 1990 - Total forces mesured by a balance - Correction from wall influence - Interpolation versus Mach and CL - Configuration F6 + long nacelles (pos. 1) - Mach 0.75 "
VARIABLES= "Lot", "Rotation", "Nb point", "Mach", "Stag. Pressure", "Stag. temperature", "Static Pressure", "Dynamic Pressure", "Reynolds", "Incidence", "CAc axial force", "CNc vertical force", "CMAc pitching moment (model axis)", "CDc drag", "CLc lift", 
"CMAAc pitching moment (aero axis)"
ZONE T="lot  175", I=  41, F=POINT
  175 1829    1  0.750  168506.  305.06  116029.   45686.  3.01  -4.62   0.0255  -0.1225  -0.1615   0.0353  -0.1200  -0.1615
  175 1829    2  0.750  168528.  305.08  116044.   45692.  3.01  -4.42   0.0266  -0.1024  -0.1597   0.0344  -0.1000  -0.1597
  175 1829    3  0.750  168552.  305.09  116060.   45699.  3.01  -4.23   0.0276  -0.0823  -0.1579   0.0335  -0.0800  -0.1579
  175 1829    4  0.750  168580.  305.10  116080.   45706.  3.01  -4.02   0.0283  -0.0621  -0.1569   0.0326  -0.0600  -0.1569
  175 1829    5  0.750  168600.  305.10  116094.   45712.  3.01  -3.82   0.0289  -0.0420  -0.1561   0.0316  -0.0400  -0.1561
  175 1829    6  0.750  168631.  305.09  116115.   45720.  3.01  -3.61   0.0294  -0.0219  -0.1556   0.0307  -0.0200  -0.1556
  175 1829    7  0.750  168671.  305.08  116143.   45731.  3.01  -3.42   0.0299  -0.0018  -0.1550   0.0300   0.0000  -0.1550
  175 1829    8  0.750  168715.  305.08  116173.   45743.  3.01  -3.23   0.0304   0.0183  -0.1541   0.0293   0.0200  -0.1541
  175 1829    9  0.750  168749.  305.07  116196.   45752.  3.01  -3.04   0.0309   0.0384  -0.1529   0.0288   0.0400  -0.1529
  175 1829   10  0.750  168774.  305.08  116213.   45759.  3.01  -2.84   0.0314   0.0585  -0.1513   0.0285   0.0600  -0.1513
  175 1829   11  0.750  168797.  305.10  116229.   45765.  3.01  -2.64   0.0318   0.0786  -0.1494   0.0282   0.0800  -0.1494
  175 1829   12  0.750  168812.  305.10  116240.   45769.  3.01  -2.45   0.0322   0.0987  -0.1480   0.0279   0.1000  -0.1480
  175 1829   13  0.750  168837.  305.11  116257.   45776.  3.01  -2.26   0.0324   0.1188  -0.1468   0.0277   0.1200  -0.1468
  175 1829   14  0.750  168869.  305.10  116279.   45784.  3.01  -2.07   0.0326   0.1389  -0.1455   0.0275   0.1400  -0.1455
  175 1829   15  0.750  168890.  305.10  116293.   45790.  3.02  -1.89   0.0326   0.1590  -0.1443   0.0274   0.1600  -0.1443
  175 1829   16  0.750  168909.  305.10  116307.   45795.  3.02  -1.70   0.0326   0.1791  -0.1433   0.0273   0.1800  -0.1433
  175 1829   17  0.750  168927.  305.11  116319.   45800.  3.02  -1.52   0.0326   0.1992  -0.1422   0.0273   0.2000  -0.1422
  175 1829   18  0.750  168947.  305.11  116333.   45806.  3.02  -1.34   0.0324   0.2193  -0.1412   0.0273   0.2200  -0.1412
  175 1829   19  0.750  168957.  305.11  116339.   45808.  3.02  -1.17   0.0322   0.2394  -0.1406   0.0273   0.2400  -0.1406
  175 1829   20  0.750  168964.  305.10  116344.   45810.  3.02  -0.99   0.0320   0.2595  -0.1400   0.0275   0.2600  -0.1400
  175 1829   21  0.750  168970.  305.09  116349.   45812.  3.02  -0.82   0.0317   0.2796  -0.1391   0.0277   0.2800  -0.1391
  175 1829   22  0.750  168982.  305.12  116357.   45815.  3.02  -0.65   0.0314   0.2997  -0.1378   0.0279   0.3000  -0.1378
  175 1829   23  0.750  168988.  305.13  116361.   45817.  3.02  -0.49   0.0310   0.3197  -0.1364   0.0283   0.3200  -0.1364
  175 1829   24  0.750  169000.  305.12  116369.   45820.  3.02  -0.31   0.0305   0.3398  -0.1348   0.0286   0.3400  -0.1348
  175 1829   25  0.750  169000.  305.10  116369.   45820.  3.02  -0.14   0.0300   0.3599  -0.1329   0.0291   0.3600  -0.1329
  175 1829   26  0.750  168997.  305.13  116367.   45819.  3.02   0.03   0.0294   0.3800  -0.1311   0.0296   0.3800  -0.1311
  175 1829   27  0.750  168992.  305.14  116364.   45818.  3.02   0.19   0.0288   0.4001  -0.1292   0.0301   0.4000  -0.1292
  175 1829   28  0.750  168994.  305.15  116365.   45818.  3.02   0.35   0.0281   0.4202  -0.1276   0.0307   0.4200  -0.1276
  175 1829   29  0.750  169010.  305.15  116376.   45823.  3.02   0.52   0.0274   0.4403  -0.1261   0.0314   0.4400  -0.1261
  175 1829   30  0.750  169022.  305.17  116385.   45826.  3.02   0.67   0.0267   0.4603  -0.1244   0.0321   0.4600  -0.1244
  175 1829   31  0.750  169018.  305.13  116382.   45825.  3.02   0.83   0.0259   0.4804  -0.1222   0.0329   0.4800  -0.1222
  175 1829   32  0.750  168998.  305.09  116367.   45819.  3.02   1.00   0.0251   0.5005  -0.1199   0.0338   0.5000  -0.1199
  175 1829   33  0.750  168987.  305.09  116360.   45817.  3.02   1.15   0.0243   0.5206  -0.1183   0.0347   0.5200  -0.1183
  175 1829   34  0.750  168984.  305.11  116358.   45816.  3.02   1.30   0.0234   0.5407  -0.1171   0.0357   0.5400  -0.1171
  175 1829   35  0.750  168976.  305.11  116352.   45814.  3.02   1.44   0.0227   0.5607  -0.1164   0.0367   0.5600  -0.1164
  175 1829   36  0.750  168971.  305.13  116349.   45812.  3.02   1.59   0.0219   0.5808  -0.1159   0.0379   0.5800  -0.1159
  175 1829   37  0.750  168984.  305.13  116358.   45816.  3.02   1.72   0.0212   0.6009  -0.1153   0.0393   0.6000  -0.1153
  175 1829   38  0.750  168998.  305.12  116368.   45820.  3.02   1.87   0.0204   0.6210  -0.1147   0.0407   0.6200  -0.1147
  175 1829   39  0.750  168920.  305.08  116314.   45798.  3.02   2.01   0.0197   0.6411  -0.1140   0.0422   0.6400  -0.1140
  175 1829   40  0.750  168894.  305.09  116296.   45791.  3.02   2.15   0.0191   0.6612  -0.1134   0.0439   0.6600  -0.1134
  175 1829   41  0.750  168895.  305.10  116297.   45791.  3.02   2.29   0.0184   0.6813  -0.1127   0.0457   0.6800  -0.1127
