TITLE= "F6 tests in ONERA S2MA W.T. August 1990 - Total forces mesured by a balance - Correction from wall influence - Interpolation versus Mach and CL - Configuration F6 clean - Mach 0.75 "
VARIABLES= "Lot", "Rotation", "Nb point", "Mach", "Stag. Pressure", "Stag. temperature", "Static Pressure", "Dynamic Pressure", "Reynolds", "Incidence", "CAc axial force", "CNc vertical force", "CMAc pitching moment (model axis)", "CDc drag", "CLc lift", 
"CMAAc pitching moment (aero axis)"
ZONE T="lot  375", I=  41, F=POINT
  375 1832    1  0.750  168387.  305.00  115946.   45655.  3.01  -4.80   0.0119  -0.1214  -0.1433   0.0220  -0.1200  -0.1433
  375 1832    2  0.750  168953.  304.89  116333.   45810.  3.02  -4.62   0.0135  -0.1014  -0.1426   0.0216  -0.1000  -0.1426
  375 1832    3  0.750  168969.  304.89  116344.   45814.  3.02  -4.47   0.0150  -0.0814  -0.1421   0.0213  -0.0800  -0.1421
  375 1832    4  0.750  168996.  304.90  116362.   45822.  3.02  -4.30   0.0164  -0.0614  -0.1416   0.0210  -0.0600  -0.1416
  375 1832    5  0.750  169026.  304.93  116384.   45830.  3.02  -4.13   0.0177  -0.0414  -0.1411   0.0207  -0.0400  -0.1411
  375 1832    6  0.750  169049.  304.94  116399.   45836.  3.02  -3.96   0.0190  -0.0214  -0.1409   0.0204  -0.0200  -0.1409
  375 1832    7  0.750  169066.  304.89  116411.   45840.  3.02  -3.80   0.0202  -0.0013  -0.1404   0.0202   0.0000  -0.1404
  375 1832    8  0.750  169089.  304.85  116427.   45846.  3.02  -3.63   0.0214   0.0187  -0.1397   0.0202   0.0200  -0.1397
  375 1832    9  0.750  169127.  304.88  116454.   45856.  3.02  -3.46   0.0225   0.0387  -0.1389   0.0201   0.0400  -0.1389
  375 1832   10  0.750  169170.  304.92  116484.   45868.  3.02  -3.28   0.0235   0.0587  -0.1384   0.0201   0.0600  -0.1384
  375 1832   11  0.750  169213.  304.94  116514.   45879.  3.02  -3.10   0.0245   0.0788  -0.1380   0.0202   0.0800  -0.1380
  375 1832   12  0.750  169260.  304.94  116546.   45892.  3.02  -2.93   0.0254   0.0988  -0.1375   0.0203   0.1000  -0.1375
  375 1832   13  0.750  169311.  304.92  116582.   45905.  3.02  -2.77   0.0262   0.1189  -0.1367   0.0204   0.1200  -0.1367
  375 1832   14  0.750  169362.  304.92  116617.   45919.  3.03  -2.59   0.0269   0.1389  -0.1359   0.0206   0.1400  -0.1359
  375 1832   15  0.750  169403.  304.94  116646.   45930.  3.03  -2.42   0.0275   0.1590  -0.1350   0.0208   0.1600  -0.1350
  375 1832   16  0.750  169438.  304.96  116670.   45939.  3.03  -2.24   0.0281   0.1790  -0.1343   0.0210   0.1800  -0.1343
  375 1832   17  0.750  169479.  304.97  116698.   45950.  3.03  -2.07   0.0285   0.1991  -0.1337   0.0213   0.2000  -0.1337
  375 1832   18  0.750  169510.  304.96  116720.   45958.  3.03  -1.89   0.0289   0.2192  -0.1331   0.0216   0.2200  -0.1331
  375 1832   19  0.750  169535.  304.97  116737.   45965.  3.03  -1.72   0.0291   0.2392  -0.1325   0.0219   0.2400  -0.1325
  375 1832   20  0.750  169544.  304.97  116743.   45968.  3.03  -1.54   0.0293   0.2593  -0.1317   0.0223   0.2600  -0.1317
  375 1832   21  0.750  169546.  304.97  116745.   45968.  3.03  -1.36   0.0294   0.2794  -0.1309   0.0227   0.2800  -0.1309
  375 1832   22  0.750  169550.  304.95  116748.   45969.  3.03  -1.19   0.0294   0.2995  -0.1298   0.0231   0.3000  -0.1298
  375 1832   23  0.750  169554.  304.96  116751.   45970.  3.03  -1.02   0.0293   0.3195  -0.1288   0.0236   0.3200  -0.1288
  375 1832   24  0.750  169551.  304.98  116749.   45969.  3.03  -0.85   0.0291   0.3396  -0.1283   0.0241   0.3400  -0.1283
  375 1832   25  0.750  169538.  304.98  116740.   45966.  3.03  -0.67   0.0288   0.3597  -0.1275   0.0246   0.3600  -0.1275
  375 1832   26  0.750  169522.  304.96  116729.   45961.  3.03  -0.49   0.0285   0.3798  -0.1266   0.0252   0.3800  -0.1266
  375 1832   27  0.750  169507.  304.96  116719.   45957.  3.03  -0.32   0.0281   0.3998  -0.1256   0.0258   0.4000  -0.1256
  375 1832   28  0.750  169486.  304.96  116704.   45951.  3.03  -0.15   0.0276   0.4199  -0.1247   0.0265   0.4200  -0.1247
  375 1832   29  0.750  169479.  304.96  116699.   45949.  3.03   0.02   0.0270   0.4400  -0.1238   0.0272   0.4400  -0.1238
  375 1832   30  0.750  169475.  304.94  116697.   45948.  3.03   0.19   0.0264   0.4601  -0.1229   0.0279   0.4600  -0.1229
  375 1832   31  0.750  169466.  304.94  116691.   45946.  3.03   0.35   0.0257   0.4802  -0.1221   0.0287   0.4800  -0.1221
  375 1832   32  0.750  169437.  304.94  116671.   45938.  3.03   0.52   0.0250   0.5002  -0.1211   0.0295   0.5000  -0.1211
  375 1832   33  0.750  169419.  304.95  116658.   45933.  3.03   0.68   0.0243   0.5203  -0.1204   0.0305   0.5200  -0.1204
  375 1832   34  0.750  169402.  304.96  116647.   45928.  3.03   0.83   0.0236   0.5404  -0.1197   0.0314   0.5400  -0.1197
  375 1832   35  0.750  169383.  304.93  116634.   45923.  3.03   0.97   0.0229   0.5605  -0.1193   0.0323   0.5600  -0.1193
  375 1832   36  0.750  169333.  304.92  116600.   45910.  3.03   1.11   0.0222   0.5805  -0.1196   0.0335   0.5800  -0.1196
  375 1832   37  0.750  169287.  304.93  116567.   45897.  3.02   1.25   0.0216   0.6006  -0.1202   0.0347   0.6000  -0.1202
  375 1832   38  0.750  169230.  304.92  116529.   45881.  3.02   1.41   0.0210   0.6207  -0.1204   0.0362   0.6200  -0.1204
  375 1832   39  0.750  169206.  304.90  116512.   45875.  3.02   1.54   0.0204   0.6408  -0.1206   0.0376   0.6400  -0.1206
  375 1832   40  0.750  169096.  304.84  116433.   45849.  3.02   1.68   0.0198   0.6609  -0.1214   0.0391   0.6600  -0.1214
  375 1832   41  0.750  169081.  304.84  116423.   45845.  3.02   1.82   0.0192   0.6810  -0.1219   0.0408   0.6800  -0.1219
