
Date:  29th July 2003


PARTICIPANT INFORMATION
-----------------------
               Name:  AMANT
              Email:  Stéphane
              Phone:  00 33 5 61 58 65 19
            Address:  Aerodynamic Design and Data Department
            Address:  Airbus France
            Address:  M0131/3
            Address:  316, route de Bayonne
            Address:  31060 Toulouse cedex 03
            Address:  FRANCE


SOLVER INFORMATION
--------------------
        Method Name:  elsA
    Basic Algorithm:  cell centered finite volume solver, Jameson type scheme
   Turbulence Model:  k-w Wilcox
      Miscellaneous:  C++


GRID INFORMATION
--------------------
Grid-Generator Name:  Hexa
          Grid Type:  multiblock structured grids



FINE GRID SIZE            WB        WBNP
-----------------------------------------
              Zones:  
        Field Nodes:
        Field Cells:  
     Boundary Nodes:  
     Boundary Faces:  
   BL 1st-Cell Size:  
 BL Max-Growth Rate:  
           BL Cells:  
      Miscellaneous: Fine ICEM grids 


CASE 1 SINGLE-POINT GRID CONVERGENCE STUDY - FINE GRID CP
---------------------------------------

WING/BODY

 GRID_SIZE      MACH     ALPHA
 Fine ICEM      0.75     0.075

WING SECTION 1   Y/BO2 0.15  (Y = 0.08785 m)
     X/C             CP      
0.99997600	-0.08293380
0.99994300	-0.08070340
0.99989500	-0.07536800
0.99982900	-0.07021000
0.99973500	-0.06332990
0.99960200	-0.05478860
0.99941600	-0.04546890
0.99915400	-0.03548210
0.99878700	-0.02371260
0.99827300	-0.01070990
0.99755800	0.00458581
0.99755800	0.00458581
0.99520500	0.04036710
0.99520500	0.04036710
0.99335000	0.06010060
0.99335000	0.06010060
0.99085600	0.07807870
0.98756800	0.09661390
0.98333800	0.11421300
0.97806700	0.13044800
0.97175200	0.14489900
0.96453300	0.15765300
0.95671000	0.16874900
0.94870800	0.17831000
0.94099200	0.18649600
0.93396100	0.19311600
0.92663300	0.19916500
0.91783600	0.20487700
0.90727400	0.20917400
0.89459200	0.21162100
0.87936600	0.21189500
0.86108700	0.20956700
0.83914500	0.20175500
0.81281300	0.18956200
0.78532000	0.17012800
0.75785600	0.13278300
0.73043300	0.07629730
0.70302200	0.00977017
0.67558500	-0.05495360
0.64810600	-0.11366000
0.62058400	-0.17072300
0.59302100	-0.22935600
0.56541100	-0.28577600
0.54493500	-0.31398600
0.53775300	-0.32386000
0.51005900	-0.32799100
0.48236000	-0.30863600
0.45466100	-0.29123100
0.42695800	-0.28193000
0.39925500	-0.27857800
0.37155600	-0.27715500
0.34386200	-0.26444200
0.31620800	-0.24759300
0.28856700	-0.23659500
0.26095700	-0.22217400
0.23340000	-0.19964500
0.20590300	-0.18182400
0.17845700	-0.17219500
0.15111000	-0.15517300
0.12513400	-0.12871600
0.10368700	-0.09671350
0.08601580	-0.05988120
0.07148850	-0.01895980
0.05958800	0.02586210
0.04986860	0.07211600
0.04195850	0.13091900
0.03554210	0.17094900
0.03291890	0.19762300
0.03033140	0.22901700
0.02778390	0.25840700
0.02475360	0.29996200
0.02475360	0.29996200
0.02282710	0.32767500
0.02043000	0.36719000
0.01809610	0.40900800
0.01583420	0.45462300
0.01365370	0.50304200
0.01156840	0.55569800
0.00959146	0.61077100
0.00773653	0.66812300
0.00602342	0.72633400
0.00447528	0.78472300
0.00311591	0.83964200
0.00196849	0.88844300
0.00106918	0.92648500
0.00050966	0.94895600
0.00021733	0.95676100
0.00021733	0.95676100
0.00006279	0.95566900
0.00000113	0.93898100
0.00000111	0.93898100
0.00009212	0.91630500
0.00009212	0.91630500
0.00028068	0.88615700
0.00028069	0.88615700
0.00070252	0.82726800
0.00070252	0.82726800
0.00105691	0.77312700
0.00160340	0.69495800
0.00247534	0.59175100
0.00356688	0.47915200
0.00519502	0.34485000
0.00708807	0.18966000
0.00921832	0.04902520
0.01155540	-0.08665030
0.01406360	-0.21092700
0.01671840	-0.32490100
0.01949880	-0.42810800
0.02238540	-0.51899000
0.02534610	-0.59786700
0.02838090	-0.66365300
0.03147750	-0.71906800
0.03462570	-0.76253300
0.03781570	-0.79989200
0.04104100	-0.82740900
0.04429610	-0.85945200
0.04757560	-0.87747900
0.05477060	-0.87591500
0.06350110	-0.88393100
0.07406540	-0.88524400
0.08682200	-0.87979000
0.10219300	-0.86969500
0.12069000	-0.85522700
0.14290100	-0.83547600
0.16956900	-0.82036000
0.19730400	-0.81083600
0.22500700	-0.79557100
0.25266900	-0.76969300
0.28028300	-0.73236900
0.30785000	-0.69149100
0.33537500	-0.65755100
0.36285300	-0.63393800
0.39027900	-0.61714600
0.40905200	-0.60733100
0.41765000	-0.60284300
0.44497700	-0.58865300
0.47225200	-0.57430600
0.49947700	-0.55923300
0.52665200	-0.54253300
0.55377400	-0.52312800
0.58084100	-0.50007200
0.60785400	-0.47325600
0.63480500	-0.44371800
0.66169000	-0.41273000
0.68850400	-0.37996100
0.71524400	-0.34574100
0.73098000	-0.32614800
0.74191300	-0.31251400
0.76852100	-0.28443400
0.79507800	-0.26448500
0.82156700	-0.25315400
0.84693100	-0.24515100
0.86796700	-0.23780900
0.88541500	-0.23198500
0.89989000	-0.22801000
0.91190200	-0.22342200
0.92187500	-0.21975700
0.93016200	-0.21395100
0.93705200	-0.21008300
0.94382500	-0.20618000
0.95123400	-0.19839100
0.95889100	-0.19027800
0.95919300	-0.18986300
0.96635600	-0.17884000
0.97322800	-0.16603900
0.97922800	-0.15219900
0.98422900	-0.13855000
0.98823700	-0.12592100
0.99135000	-0.11493100
0.99371100	-0.10597200
0.99675500	-0.09323090
0.99675500	-0.09323090
0.99836800	-0.08617760
0.99885400	-0.08401800
0.99920100	-0.08232740
0.99944800	-0.08128140
0.99962400	-0.08038160
0.99974900	-0.07971280
0.99983800	-0.07922400
0.99990100	-0.07897040
0.99994600	-0.07865240
0.99997800	-0.07860260
1.00000000	-0.07863420
0.99997800	-0.07860260

WING SECTION 2   Y/BO2 0.239 (Y = 0.13987 m)
     X/C             CP      
0,99997600	0,14454900
0,99994300	0,14472300
0,99989600	0,14649000
0,99982900	0,14755700
0,99973600	0,14976700
0,99960400	0,15143600
0,99941800	0,15454300
0,99915700	0,15959300
0,99879200	0,16403600
0,99828100	0,16957100
0,99756900	0,17588900
0,99756900	0,17588900
0,99522500	0,19008500
0,99522500	0,19008500
0,99337700	0,19782900
0,99089500	0,20603800
0,98762400	0,21449600
0,98341700	0,22282900
0,97817700	0,23067300
0,97190000	0,23791700
0,96472500	0,24447000
0,95695100	0,25041800
0,94900000	0,25560500
0,94133300	0,26050200
0,93434700	0,26436500
0,92718500	0,26781900
0,91858500	0,27131400
0,90826100	0,27411500
0,89586500	0,27630200
0,88098000	0,27658000
0,86310800	0,27415300
0,84165200	0,26586800
0,81590100	0,25009300
0,78809800	0,22379300
0,75954200	0,18082500
0,73102400	0,12091800
0,70251100	0,05231190
0,67396700	-0,01709120
0,64538200	-0,08420690
0,61675300	-0,15067700
0,58808300	-0,21932800
0,55937000	-0,28460900
0,53062000	-0,33168100
0,50185200	-0,34851800
0,47309100	-0,34742400
0,44433600	-0,34702900
0,41558300	-0,34873400
0,38684100	-0,35264000
0,35811800	-0,34952900
0,32942600	-0,33624800
0,30077900	-0,32357800
0,27217300	-0,30876400
0,24363400	-0,28577100
0,21626000	-0,26110100
0,19003100	-0,24328500
0,16478400	-0,22652700
0,14040100	-0,20124800
0,11767600	-0,17017700
0,09890970	-0,13771800
0,08343150	-0,10402700
0,07068470	-0,06872740
0,06021390	-0,03146760
0,05162530	0,00490189
0,04459250	0,04816600
0,03884630	0,07879380
0,03602130	0,10146500
0,03322650	0,12850800
0,03046440	0,15489600
0,02774020	0,18564700
0,02505960	0,21836100
0,02242840	0,25505900
0,01985480	0,29513900
0,01734750	0,33885200
0,01491690	0,38688100
0,01258140	0,44036100
0,01035360	0,49830700
0,00826241	0,55856000
0,00639928	0,61904000
0,00476158	0,67732900
0,00335143	0,73252800
0,00217393	0,77834500
0,00129568	0,81160400
0,00067983	0,83126800
0,00032236	0,83616100
0,00002396	0,82060500
0,00002396	0,82060500
0,00002108	0,79080900
0,00006576	0,77585500
0,00006576	0,77585400
0,00026054	0,73278600
0,00026054	0,73278600
0,00073315	0,64841500
0,00073315	0,64841500
0,00115159	0,57591500
0,00177271	0,48047100
0,00271690	0,36860300
0,00386287	0,25143300
0,00541002	0,11932600
0,00722045	-0,02590620
0,00928976	-0,16080400
0,01161690	-0,29420300
0,01420610	-0,42211700
0,01695860	-0,54237300
0,01983140	-0,65685600
0,02280490	-0,76875700
0,02585030	-0,87109200
0,02897140	-0,95305800
0,03215300	-1,01728000
0,03538320	-1,06583000
0,03865090	-1,10462000
0,04194940	-1,13262000
0,04527270	-1,16037000
0,04861670	-1,18849000
0,05505720	-1,21345000
0,06285240	-1,24136000
0,07226330	-1,25950000
0,08360670	-1,26764000
0,09725500	-1,26761000
0,11365700	-1,24589000
0,13332600	-1,17000000
0,15691200	-1,06472000
0,18187900	-0,98026200
0,20752300	-0,91157100
0,23398900	-0,83603900
0,26145500	-0,75303200
0,28999500	-0,68757500
0,31849900	-0,65376100
0,34696500	-0,64340800
0,37538600	-0,64084100
0,40376200	-0,63477400
0,43210200	-0,62476900
0,46040000	-0,61298100
0,48865800	-0,60086600
0,51687700	-0,58924300
0,54505600	-0,57780200
0,57319300	-0,56592300
0,60128900	-0,55255000
0,62933700	-0,53611500
0,65733100	-0,51415500
0,68526700	-0,48479300
0,71314000	-0,44813200
0,74095100	-0,40689000
0,76871300	-0,36718600
0,79643100	-0,33264700
0,82330400	-0,30071900
0,84819500	-0,26556200
0,86886300	-0,22608500
0,88602700	-0,18642300
0,90028300	-0,14888100
0,91212700	-0,11380000
0,92197100	-0,08299750
0,93015700	-0,05620170
0,93696700	-0,03354120
0,94373200	-0,01232680
0,95113600	0,01120760
0,95879500	0,03494140
0,96626600	0,05702880
0,97314800	0,07657160
0,97915900	0,09299780
0,98417100	0,10618100
0,98819100	0,11639400
0,99131400	0,12411100
0,99368300	0,12980700
0,99674000	0,13692000
0,99674000	0,13692000
0,99836000	0,14056900
0,99884700	0,14167300
0,99919600	0,14241100
0,99944400	0,14300800
0,99962200	0,14343700
0,99974700	0,14364200
0,99983700	0,14390300
0,99990000	0,14396300
0,99994500	0,14413100
0,99997700	0,14413600
1,00000000	0,14407200
0,99997700	0,14413600

WING SECTION 3   Y/BO2 0.331 (Y = 0.19453 m)
     X/C             CP      
0,99997700	0,12841500
0,99994300	0,12882900
0,99989600	0,13087500
0,99983000	0,13243100
0,99973800	0,13490300
0,99960600	0,13755600
0,99942200	0,14091900
0,99916300	0,14509000
0,99879900	0,14966400
0,99829100	0,15507100
0,99758300	0,16148200
0,99660200	0,16849600
0,99660200	0,16849600
0,99341600	0,18504400
0,99341600	0,18504400
0,99095000	0,19443200
0,98770200	0,20450400
0,98352600	0,21499100
0,97832600	0,22554900
0,97210000	0,23592800
0,96498600	0,24577900
0,95728000	0,25487500
0,94939800	0,26275400
0,94179900	0,26993000
0,93487600	0,27531400
0,92795700	0,28053200
0,91965100	0,28629100
0,90967900	0,29186200
0,89770800	0,29762100
0,88333400	0,30215000
0,86607700	0,30419800
0,84535800	0,30026800
0,82049900	0,28591100
0,79226300	0,25594900
0,76212200	0,20911200
0,73203000	0,14835100
0,70194800	0,08138930
0,67184100	0,01465690
0,64169900	-0,05116630
0,61151800	-0,11580400
0,58129700	-0,17980100
0,55103800	-0,23980400
0,52074400	-0,28557300
0,49043100	-0,31363600
0,46011500	-0,33189200
0,42979600	-0,34621000
0,39947900	-0,35771800
0,36917400	-0,36356200
0,33889400	-0,35933700
0,30864600	-0,34889400
0,27844500	-0,33300100
0,24830300	-0,30622100
0,21823600	-0,27522000
0,19102700	-0,24821400
0,16665100	-0,22333900
0,14465200	-0,19653200
0,12464600	-0,16721600
0,10675700	-0,13871200
0,09194080	-0,11221000
0,07967550	-0,08693010
0,06952800	-0,06340240
0,06114030	-0,04107780
0,05421360	-0,01955120
0,04849740	0,00367361
0,04378390	0,02211590
0,04071340	0,03803280
0,03766230	0,05606300
0,03463360	0,07512140
0,03163110	0,09734110
0,02865930	0,12235900
0,02572380	0,15120300
0,02283190	0,18482200
0,01999370	0,22426800
0,01721760	0,26922700
0,01451590	0,32016100
0,01190890	0,38101800
0,00945058	0,44797200
0,00738044	0,51468500
0,00564366	0,58030500
0,00300174	0,69553200
0,00300179	0,69553200
0,00126442	0,77772900
0,00126442	0,77772900
0,00032134	0,80859900
0,00032134	0,80859900
0,00001653	0,79067400
0,00000000	0,77210800
0,00002556	0,75373300
0,00002556	0,75373300
0,00023802	0,69019000
0,00023802	0,69019000
0,00088771	0,56037600
0,00088766	0,56037600
0,00238127	0,35247800
0,00238127	0,35247800
0,00349376	0,24224400
0,00476754	0,12864100
0,00616167	0,02107440
0,00781109	-0,08730130
0,00975778	-0,20422900
0,01204900	-0,32370700
0,01474680	-0,44776200
0,01762390	-0,57297600
0,02060550	-0,69756300
0,02367590	-0,82904800
0,02682160	-0,95505100
0,03004410	-1,04642000
0,03332000	-1,10004000
0,03663420	-1,13209000
0,03997690	-1,15486000
0,04334290	-1,17355000
0,04672870	-1,19363000
0,05013120	-1,21148000
0,05516300	-1,21934000
0,06123020	-1,22730000
0,06854190	-1,23671000
0,07734600	-1,24251000
0,08793590	-1,24311000
0,10066400	-1,23997000
0,11594200	-1,23236000
0,13427800	-1,21265000
0,15461900	-1,18210000
0,17687500	-1,19637000
0,20143500	-1,08025000
0,22876600	-0,77548900
0,25903700	-0,61583800
0,28929500	-0,63023400
0,31953100	-0,66451800
0,34974100	-0,69245100
0,37992300	-0,70639200
0,41008200	-0,70984400
0,44021400	-0,70731800
0,47031800	-0,70226800
0,50039400	-0,69679500
0,53044100	-0,69164600
0,56045500	-0,68615500
0,59043400	-0,67798200
0,62037200	-0,66265400
0,65026100	-0,63574900
0,68009200	-0,59451400
0,70985300	-0,53898400
0,73954400	-0,47584800
0,76917500	-0,41443100
0,79874600	-0,35721400
0,82623500	-0,30355500
0,85038600	-0,25379000
0,87046200	-0,20809300
0,88715300	-0,16694500
0,90103300	-0,13115400
0,91257800	-0,09997640
0,92218100	-0,07330580
0,93017200	-0,05051810
0,93682400	-0,03121250
0,94357700	-0,01278200
0,95097800	0,00786796
0,95864200	0,02866840
0,96612500	0,04842580
0,97302300	0,06615750
0,97905400	0,08114160
0,98408500	0,09322120
0,98812200	0,10261200
0,99126100	0,10969400
0,99541600	0,11873800
0,99541600	0,11873800
0,99766500	0,12344000
0,99834800	0,12486100
0,99883900	0,12588600
0,99918900	0,12659700
0,99944000	0,12711800
0,99961800	0,12750000
0,99974400	0,12771900
0,99983400	0,12794800
0,99989800	0,12801700
0,99994300	0,12816900
0,99997500	0,12818800
0,99999800	0,12811700
0,99997500	0,12818800

WING SECTION 4   Y/BO2 0.377 (Y = 0.22156 m)
     X/C             CP      
0,99997600	0,10902000
0,99994300	0,10940700
0,99989700	0,11133300
0,99983100	0,11284800
0,99973800	0,11527300
0,99960800	0,11794200
0,99942400	0,12130600
0,99916500	0,12557100
0,99880300	0,13032100
0,99829600	0,13582200
0,99759000	0,14246700
0,99661200	0,14981600
0,99661200	0,14981600
0,99343700	0,16762500
0,99343700	0,16762500
0,99098100	0,17810000
0,98774600	0,18960100
0,98358900	0,20192600
0,97841400	0,21467700
0,97221900	0,22739400
0,96514100	0,23947500
0,95747500	0,25053100
0,94963600	0,25996500
0,94207700	0,26841800
0,93519200	0,27466400
0,92843300	0,28074500
0,92032000	0,28751400
0,91058000	0,29433500
0,89888800	0,30182800
0,88485100	0,30845000
0,86799800	0,31261800
0,84776700	0,31069000
0,82349700	0,29696100
0,79497500	0,26449400
0,76379400	0,21389300
0,73267100	0,15177900
0,70155700	0,08597000
0,67042100	0,02054400
0,63925500	-0,04325690
0,60805200	-0,10458100
0,57680900	-0,16382200
0,54552900	-0,21860000
0,51421500	-0,26401000
0,48287600	-0,29843800
0,45152300	-0,32376600
0,42016300	-0,34199800
0,38880500	-0,35379700
0,35745800	-0,35788000
0,32613500	-0,35297700
0,29484600	-0,33973400
0,26360900	-0,31592300
0,23243900	-0,28086900
0,20134200	-0,24373700
0,17423000	-0,20981600
0,15105800	-0,17824400
0,13116900	-0,14849100
0,11401200	-0,12086400
0,09929270	-0,09647900
0,08707470	-0,07518570
0,07693500	-0,05674790
0,06852160	-0,04082660
0,06154530	-0,02607620
0,05576330	-0,01152420
0,05097200	0,00211504
0,04700220	0,01355100
0,04378640	0,02466320
0,04058300	0,03686510
0,03739480	0,05040430
0,03422450	0,06611720
0,03107570	0,08480440
0,02795320	0,10707600
0,02486300	0,13459100
0,02181280	0,16725400
0,01880830	0,20530600
0,01586360	0,25090000
0,01299950	0,31040200
0,01028380	0,37815100
0,00807203	0,44607200
0,00627788	0,51200600
0,00369239	0,63450300
0,00369239	0,63450300
0,00183927	0,73457800
0,00183927	0,73457800
0,00058669	0,79979100
0,00058675	0,79979100
0,00006717	0,80125900
0,00000006	0,78390100
0,00000006	0,76433900
0,00000000	0,76433900
0,00021674	0,68368900
0,00021679	0,68368900
0,00106374	0,51991300
0,00106374	0,51991300
0,00293326	0,29696200
0,00293326	0,29696200
0,00550288	0,08875010
0,00550288	0,08875010
0,00826381	-0,08787780
0,00826375	-0,08787780
0,01011720	-0,19521600
0,01238380	-0,30666800
0,01515600	-0,42762600
0,01811400	-0,55900800
0,02116490	-0,69729700
0,02429980	-0,84622200
0,02751610	-0,97923100
0,03080220	-1,06440000
0,03413330	-1,10858000
0,03749560	-1,13148000
0,04088060	-1,14493000
0,04428410	-1,15545000
0,04770290	-1,16564000
0,05113460	-1,17391000
0,05523440	-1,17430000
0,06016800	-1,17368000
0,06610470	-1,17435000
0,07324610	-1,17375000
0,08183150	-1,16785000
0,09214850	-1,15898000
0,10453800	-1,14701000
0,11941700	-1,14127000
0,13670900	-1,10615000
0,15673000	-1,09810000
0,18002800	-1,10951000
0,20725800	-0,90633200
0,23865300	-0,67258000
0,27004800	-0,63546000
0,30143500	-0,67445200
0,33281200	-0,71896500
0,36417600	-0,74601000
0,39552800	-0,75672900
0,42686400	-0,75825400
0,45818300	-0,75601000
0,48948300	-0,75379600
0,52076200	-0,75342400
0,55201600	-0,75453000
0,58324100	-0,75380000
0,61443100	-0,74461200
0,64557500	-0,71929200
0,67666200	-0,67316000
0,70767600	-0,60750200
0,73861400	-0,53233000
0,76948000	-0,45911200
0,80027500	-0,39032400
0,82817300	-0,32698500
0,85183500	-0,27190000
0,87152000	-0,22456900
0,88789800	-0,18369000
0,90153000	-0,14890800
0,91287400	-0,11907500
0,92231700	-0,09379210
0,93017800	-0,07229750
0,93672300	-0,05392620
0,94347000	-0,03604150
0,95086900	-0,01585480
0,95853600	0,00489008
0,96602700	0,02483970
0,97293700	0,04309000
0,97898100	0,05869000
0,98402500	0,07139780
0,98807500	0,08134540
0,99122400	0,08887730
0,99539500	0,09854580
0,99539500	0,09854580
0,99765300	0,10360800
0,99833900	0,10518200
0,99883200	0,10628600
0,99918400	0,10707500
0,99943500	0,10764300
0,99961400	0,10806300
0,99974100	0,10830900
0,99983200	0,10856100
0,99989600	0,10864300
0,99994100	0,10880600
0,99997300	0,10883400
0,99999600	0,10876500
0,99997300	0,10883400

WING SECTION 5   Y/BO2 0.411 (Y = 0.24037 m)
     X/C             CP      
0,99984600	0,09234570
0,99981200	0,09275860
0,99976600	0,09474860
0,99970100	0,09630200
0,99960800	0,09879760
0,99947800	0,10149100
0,99929500	0,10501400
0,99903800	0,10907800
0,99867700	0,11389800
0,99817300	0,11960800
0,99747000	0,12623700
0,99649700	0,13390600
0,99515900	0,14270800
0,99515900	0,14270800
0,99089400	0,16370000
0,99089400	0,16370000
0,98767600	0,17592500
0,98354100	0,18920000
0,97839300	0,20313100
0,97223200	0,21709400
0,96519100	0,23036200
0,95756500	0,24249300
0,94976400	0,25263600
0,94224300	0,26165300
0,93538900	0,26817200
0,92872900	0,27435100
0,92073400	0,28133000
0,91113500	0,28849500
0,89960900	0,29644800
0,88576900	0,30356800
0,86914600	0,30824700
0,84917900	0,30712000
0,82521400	0,29440400
0,79647900	0,26259300
0,76464200	0,21282700
0,73286000	0,15283000
0,70108600	0,08988250
0,66929900	0,02710040
0,63749000	-0,03435090
0,60565400	-0,09329770
0,57378900	-0,14911800
0,54189700	-0,20079800
0,50998100	-0,24684300
0,47804700	-0,28527300
0,44610300	-0,31419600
0,41415700	-0,33397800
0,38222100	-0,34619200
0,35030400	-0,35055600
0,31841800	-0,34564000
0,28657800	-0,32986500
0,25479800	-0,30211500
0,22309300	-0,26309800
0,19147200	-0,22083800
0,16446900	-0,18174300
0,14202400	-0,14633400
0,12336500	-0,11478700
0,10785200	-0,08701810
0,09495290	-0,06377900
0,08422510	-0,04499590
0,07530420	-0,02931000
0,06788780	-0,01495860
0,06172290	-0,00177822
0,05659780	0,01035390
0,05233740	0,02006170
0,04879500	0,02876710
0,04550270	0,03823420
0,04221930	0,04814240
0,03894710	0,05954530
0,03568850	0,07275870
0,03244570	0,08871410
0,02922320	0,10812800
0,02602560	0,13161000
0,02285820	0,15964100
0,01972910	0,19357900
0,01664910	0,23540700
0,01363860	0,29262200
0,01077160	0,35815400
0,00847630	0,42576500
0,00521727	0,55713700
0,00521727	0,55713700
0,00311015	0,66554900
0,00311015	0,66554900
0,00143374	0,76835100
0,00143374	0,76835100
0,00035721	0,82424000
0,00011989	0,82533200
0,00005448	0,81265000
0,00000000	0,79332800
0,00000000	0,79332800
0,00022559	0,70332100
0,00022559	0,70332100
0,00120872	0,52147700
0,00120878	0,52147700
0,00328992	0,29536500
0,00328998	0,29536500
0,00590759	0,07996180
0,00590759	0,07996180
0,00851917	-0,05418780
0,00851911	-0,05418780
0,01031750	-0,16986200
0,01256840	-0,27908800
0,01538570	-0,40109700
0,01839750	-0,53312300
0,02148620	-0,68278100
0,02466340	-0,84935600
0,02792710	-0,98599700
0,03125580	-1,06498000
0,03462530	-1,10196000
0,03802190	-1,11949000
0,04143910	-1,12870000
0,04487250	-1,13388000
0,04831900	-1,13603000
0,05177600	-1,13694000
0,05538440	-1,13576000
0,05972440	-1,13186000
0,06494410	-1,12709000
0,07122090	-1,12218000
0,07876820	-1,11330000
0,08784050	-1,09925000
0,09874250	-1,08327000
0,11184300	-1,06951000
0,12758200	-1,05387000
0,14648700	-1,05242000
0,16918900	-1,03818000
0,19644300	-0,88238500
0,22851400	-0,69845900
0,26058700	-0,65981000
0,29265700	-0,69668800
0,32472100	-0,73880900
0,35677500	-0,76703700
0,38881800	-0,78019300
0,42084600	-0,78330200
0,45285700	-0,78199400
0,48484800	-0,78095500
0,51681700	-0,78309900
0,54875800	-0,78779500
0,58066400	-0,78998300
0,61252700	-0,78159400
0,64434000	-0,75568400
0,67608100	-0,70633100
0,70773400	-0,63538000
0,73929200	-0,55579900
0,77075700	-0,47742000
0,80213400	-0,40271200
0,83017200	-0,33455900
0,85348700	-0,27686200
0,87288100	-0,22913600
0,88901800	-0,18874500
0,90244700	-0,15470400
0,91362400	-0,12586100
0,92292800	-0,10171100
0,93067300	-0,08125970
0,93712200	-0,06394950
0,94382300	-0,04681710
0,95117300	-0,02740590
0,95879200	-0,00751283
0,96623600	0,01176530
0,97310300	0,02927810
0,97911000	0,04427960
0,98412400	0,05646180
0,98814900	0,06595910
0,99365600	0,07845080
0,99365600	0,07845080
0,99672600	0,08515100
0,99767100	0,08715220
0,99835400	0,08863990
0,99884400	0,08968260
0,99919400	0,09045530
0,99944300	0,09099320
0,99962100	0,09141410
0,99974700	0,09167780
0,99983700	0,09192000
0,99990000	0,09202780
0,99994600	0,09217580
0,99997700	0,09220150
1,00000000	0,09223670
0,99997700	0,09220150

WING SECTION 6   Y/BO2 0.514 (Y = 0.30090 m)
     X/C             CP      
0,99985200	0,10023400
0,99981900	0,10046300
0,99977200	0,10205700
0,99970700	0,10325400
0,99961400	0,10517800
0,99948500	0,10734700
0,99930100	0,10997000
0,99904400	0,11330800
0,99868300	0,11761000
0,99817900	0,12240900
0,99747600	0,12813100
0,99650200	0,13475300
0,99516400	0,14236600
0,99516400	0,14236600
0,99089900	0,16067100
0,99089900	0,16067100
0,98768000	0,17137100
0,98354400	0,18312500
0,97839700	0,19553600
0,97223400	0,20819000
0,96519300	0,22026900
0,95756500	0,23147600
0,94976400	0,24094800
0,94224100	0,24956900
0,93538700	0,25590500
0,92871100	0,26184200
0,92069800	0,26879300
0,91107700	0,27609700
0,89952600	0,28442500
0,88565500	0,29227300
0,86899800	0,29829700
0,84899400	0,29935800
0,82498500	0,29004100
0,79620000	0,26354500
0,76437700	0,22061200
0,73260900	0,16832800
0,70085000	0,11336100
0,66907900	0,05840570
0,63728600	0,00452102
0,60546900	-0,04737390
0,57362400	-0,09660800
0,54175400	-0,14255100
0,50986200	-0,18459300
0,47795300	-0,22115200
0,44603500	-0,24999000
0,41411600	-0,27124300
0,38220800	-0,28645500
0,35031500	-0,29522000
0,31845300	-0,29557100
0,28663600	-0,28541900
0,25487400	-0,26340300
0,22318200	-0,22949300
0,19156800	-0,19112100
0,16457300	-0,15465200
0,14213100	-0,12100400
0,12347200	-0,09082050
0,10795700	-0,06382840
0,09505420	-0,04108350
0,08432180	-0,02305700
0,07539640	-0,00810472
0,06797540	0,00590279
0,06180620	0,01879400
0,05667630	0,03054270
0,05241170	0,04007370
0,04886520	0,04854410
0,04558730	0,05778480
0,04231890	0,06749620
0,03906140	0,07860580
0,03581770	0,09156490
0,03258990	0,10697000
0,02938210	0,12578600
0,02619950	0,14892600
0,02304750	0,17700900
0,01993280	0,21018900
0,01686620	0,25107300
0,01386890	0,30710100
0,00871638	0,43739300
0,00871638	0,43739300
0,00545421	0,56459600
0,00545407	0,56459600
0,00326835	0,68158000
0,00326835	0,68158100
0,00148259	0,79140500
0,00148259	0,79140500
0,00037237	0,85113700
0,00012824	0,85295300
0,00005849	0,84121500
0,00000000	0,82135400
0,00000000	0,82135400
0,00021323	0,73375500
0,00021309	0,73375500
0,00113041	0,55651000
0,00113041	0,55651000
0,00305581	0,33603400
0,00305581	0,33603400
0,00551750	0,14174300
0,00551764	0,14174300
0,00806570	-0,01955320
0,00806570	-0,01955320
0,00985009	-0,12507200
0,01209090	-0,23999300
0,01490470	-0,36611900
0,01792910	-0,49878400
0,02103720	-0,64761000
0,02423640	-0,81745600
0,02752830	-0,96237700
0,03089270	-1,04960000
0,03430330	-1,08951000
0,03774320	-1,10711000
0,04120570	-1,11614000
0,04468600	-1,12045000
0,04818030	-1,12119000
0,05168580	-1,12017000
0,05529340	-1,11747000
0,05963200	-1,11130000
0,06484930	-1,10400000
0,07112230	-1,09507000
0,07866480	-1,08029000
0,08773050	-1,05733000
0,09862320	-1,03247000
0,11171100	-0,99801400
0,12743400	-0,93206900
0,14632000	-0,84472000
0,16899800	-0,77957300
0,19622300	-0,75959400
0,22826800	-0,77314700
0,26031600	-0,79781200
0,29236300	-0,81700500
0,32440200	-0,82639000
0,35643300	-0,82635300
0,38845400	-0,81896400
0,42046100	-0,80752800
0,45245300	-0,79526700
0,48442800	-0,78343300
0,51638000	-0,77101800
0,54830600	-0,75502900
0,58019900	-0,73253600
0,61205300	-0,70294000
0,64385700	-0,66775500
0,67559400	-0,62173200
0,70724700	-0,55913300
0,73881000	-0,48570400
0,77028800	-0,41023400
0,80168400	-0,33796500
0,82980100	-0,27318200
0,85318400	-0,21959600
0,87263700	-0,17601300
0,88882400	-0,13957900
0,90229500	-0,10930300
0,91350900	-0,08391290
0,92284300	-0,06288210
0,93061400	-0,04515920
0,93708400	-0,03035940
0,94378900	-0,01576030
0,95114400	0,00077989
0,95876700	0,01752220
0,96621600	0,03371310
0,97308700	0,04834310
0,97909700	0,06084680
0,98411400	0,07096760
0,98814100	0,07887100
0,99365100	0,08924640
0,99365100	0,08924640
0,99672300	0,09480370
0,99766900	0,09646190
0,99835200	0,09768380
0,99884200	0,09854420
0,99919200	0,09918790
0,99944200	0,09963230
0,99962000	0,09996350
0,99974700	0,10018200
0,99983700	0,10037500
0,99990000	0,10046100
0,99994500	0,10058000
0,99997800	0,10061000
1,00000000	0,10060900
0,99997800	0,10061000

WING SECTION 7   Y/BO2 0.638 (Y = 0.37319 m)
     X/C             CP      
0,99985800	0,10404400
0,99982600	0,10429600
0,99977900	0,10587500
0,99971400	0,10702700
0,99962100	0,10900800
0,99949100	0,11111800
0,99930800	0,11387000
0,99905000	0,11712800
0,99869000	0,12113800
0,99818500	0,12583700
0,99748200	0,13132100
0,99650800	0,13773600
0,99517000	0,14513900
0,99517000	0,14513900
0,99090400	0,16310900
0,99090400	0,16310900
0,98768400	0,17368700
0,98354800	0,18532200
0,97840000	0,19761100
0,97223600	0,21011800
0,96519400	0,22204400
0,95756400	0,23303400
0,94976200	0,24243500
0,94223800	0,25078300
0,93538300	0,25710200
0,92868400	0,26312500
0,92064300	0,27005100
0,91099100	0,27726800
0,89940200	0,28536100
0,88548700	0,29321500
0,86878000	0,29909600
0,84871900	0,30008600
0,82464500	0,29061200
0,79578600	0,26459700
0,76398300	0,22210400
0,73223700	0,17077300
0,70049800	0,11726300
0,66875000	0,06330760
0,63698200	0,01082620
0,60519100	-0,03939810
0,57337500	-0,08667130
0,54153700	-0,13060700
0,50967900	-0,17079400
0,47780700	-0,20541000
0,44592700	-0,23210400
0,41404500	-0,25143600
0,38217800	-0,26505400
0,35031900	-0,27248900
0,31849200	-0,27185000
0,28671100	-0,26122100
0,25497300	-0,23934400
0,22330000	-0,20595600
0,19169600	-0,16819700
0,16471200	-0,13238100
0,14227400	-0,09933340
0,12361500	-0,06963500
0,10809600	-0,04299360
0,09518730	-0,02044980
0,08444880	-0,00253677
0,07551640	0,01232000
0,06808860	0,02627050
0,06191250	0,03916270
0,05677590	0,05095160
0,05250460	0,06058830
0,04895200	0,06908170
0,04569550	0,07832910
0,04244820	0,08803930
0,03921180	0,09901110
0,03598900	0,11191200
0,03278220	0,12715700
0,02959530	0,14550200
0,02643310	0,16820900
0,02330170	0,19575500
0,02020550	0,22816900
0,01715720	0,26783100
0,01417620	0,32176600
0,01132180	0,38497800
0,00720853	0,51276400
0,00720853	0,51276400
0,00462691	0,62495200
0,00462691	0,62495200
0,00242207	0,74795300
0,00242207	0,74795300
0,00084292	0,84166700
0,00038868	0,86025000
0,00013837	0,86056900
0,00006292	0,84826300
0,00000000	0,82689600
0,00000000	0,82689600
0,00019171	0,73979000
0,00049521	0,66473800
0,00049536	0,66473800
0,00181013	0,46541400
0,00181029	0,46541400
0,00380487	0,26717300
0,00380487	0,26717300
0,00605903	0,09356640
0,00605888	0,09356640
0,00921440	-0,09519710
0,00921440	-0,09519710
0,01143780	-0,21280000
0,01424270	-0,34259600
0,01728040	-0,47758100
0,02041500	-0,62291900
0,02364340	-0,79191100
0,02697280	-0,94655300
0,03038670	-1,04574000
0,03385510	-1,09285000
0,03735780	-1,11245000
0,04088510	-1,12236000
0,04443300	-1,12709000
0,04799690	-1,12730000
0,05157340	-1,12567000
0,05517990	-1,12235000
0,05951610	-1,11536000
0,06472980	-1,10663000
0,07099750	-1,09656000
0,07853310	-1,08343000
0,08758850	-1,06029000
0,09846770	-1,01525000
0,11153600	-0,94428300
0,12723700	-0,87478000
0,14609400	-0,83801800
0,16873600	-0,83067100
0,19591700	-0,83231400
0,22792500	-0,83293500
0,25993600	-0,82964100
0,29194600	-0,81766600
0,32395000	-0,79767000
0,35594600	-0,77496900
0,38793600	-0,75547600
0,41991300	-0,74264700
0,45187600	-0,73536400
0,48382400	-0,72992300
0,51575300	-0,72326800
0,54765700	-0,71236600
0,57953100	-0,69474800
0,61136800	-0,66949500
0,64316000	-0,63775600
0,67489000	-0,59485400
0,70654400	-0,53574600
0,73811400	-0,46585600
0,76961200	-0,39323800
0,80103300	-0,32308000
0,82926600	-0,25996500
0,85275100	-0,20774600
0,87229100	-0,16519800
0,88855100	-0,12961100
0,90208400	-0,09997880
0,91335000	-0,07519280
0,92272900	-0,05454820
0,93053600	-0,03733000
0,93703800	-0,02268760
0,94374900	-0,00846363
0,95111000	0,00740627
0,95873800	0,02384060
0,96619200	0,03952240
0,97306900	0,05377030
0,97908300	0,06590220
0,98410300	0,07573960
0,98813400	0,08340840
0,99364800	0,09348520
0,99364800	0,09348520
0,99672200	0,09888090
0,99766900	0,10050500
0,99835200	0,10167200
0,99884200	0,10254300
0,99919300	0,10313100
0,99944300	0,10356300
0,99962100	0,10391700
0,99974700	0,10411700
0,99983700	0,10431900
0,99990000	0,10439600
0,99994500	0,10452000
0,99997700	0,10453600
1,00000000	0,10456600
0,99997700	0,10453600

WING SECTION 8   Y/BO2 0.847 (Y = 0.49602 m)
     X/C             CP      
0,99986500	0,11463800
0,99983200	0,11482800
0,99978600	0,11631200
0,99972100	0,11738600
0,99962800	0,11936900
0,99949800	0,12129000
0,99931500	0,12412800
0,99905700	0,12709400
0,99869700	0,13048600
0,99819100	0,13479500
0,99748800	0,13968700
0,99651500	0,14556000
0,99517500	0,15208000
0,99335300	0,15969800
0,99335300	0,15969800
0,98768700	0,17809900
0,98768700	0,17809900
0,98355000	0,18873100
0,97839900	0,19994600
0,97223300	0,21139700
0,96518900	0,22230200
0,95755700	0,23229600
0,94975200	0,24099000
0,94222600	0,24839800
0,93536800	0,25422700
0,92861400	0,25987500
0,92050600	0,26612800
0,91077600	0,27276100
0,89909500	0,27997900
0,88507400	0,28690000
0,86824400	0,29168700
0,84804400	0,29149900
0,82381300	0,28093400
0,79477200	0,25430400
0,76302100	0,21214000
0,73132300	0,16159200
0,69963500	0,10876800
0,66794100	0,05534550
0,63623200	0,00302118
0,60450500	-0,04721040
0,57275900	-0,09455860
0,54099800	-0,13854200
0,50922300	-0,17873300
0,47743800	-0,21326600
0,44564900	-0,23988700
0,41385800	-0,25925400
0,38209000	-0,27284400
0,35031300	-0,28004500
0,31856800	-0,27903700
0,28687200	-0,26803100
0,25519200	-0,24584900
0,22356500	-0,21214800
0,19198400	-0,17408100
0,16502600	-0,13801700
0,14259800	-0,10479100
0,12393900	-0,07495960
0,10841000	-0,04817680
0,09548740	-0,02554290
0,08473240	-0,00762516
0,07578440	0,00728668
0,06833980	0,02126150
0,06214750	0,03414850
0,05699420	0,04632220
0,05270730	0,05573150
0,04593700	0,07271210
0,04593700	0,07271210
0,03956220	0,09333020
0,03956220	0,09333020
0,03324080	0,12065600
0,03324080	0,12065600
0,02699730	0,15955600
0,02699730	0,15955600
0,02086910	0,21605100
0,02086910	0,21605100
0,01492780	0,30357300
0,01492780	0,30357300
0,00981510	0,42091200
0,00981549	0,42091200
0,00653658	0,53229000
0,00538381	0,58857800
0,00538381	0,58857800
0,00269230	0,73303300
0,00165087	0,79692600
0,00090530	0,84094200
0,00042373	0,86301600
0,00015698	0,86444800
0,00007121	0,85364000
0,00000000	0,83163600
0,00014400	0,75401600
0,00039501	0,68830200
0,00079711	0,60830700
0,00136287	0,52311800
0,00204509	0,43747300
0,00282410	0,35631900
0,00368258	0,27675000
0,00470867	0,19831300
0,00603455	0,10572600
0,00991425	-0,12417200
0,01575680	-0,40645200
0,02225400	-0,70788900
0,02919630	-1,00806000
0,03645560	-1,09221000
0,04013740	-1,09936000
0,04384550	-1,10429000
0,04757450	-1,10502000
0,05132050	-1,10424000
0,05492470	-1,10131000
0,05925690	-1,09296000
0,06446330	-1,08123000
0,07071770	-1,06747000
0,07823320	-1,05103000
0,08726180	-1,01732000
0,09810970	-0,94858600
0,11113300	-0,86367000
0,12677900	-0,80512200
0,14556700	-0,78498900
0,16812100	-0,78334200
0,19519300	-0,77832500
0,22710900	-0,76389400
0,25903000	-0,74613900
0,29095400	-0,73023400
0,32286900	-0,71672000
0,35478000	-0,70416600
0,38669400	-0,69256000
0,41859400	-0,68182300
0,45048800	-0,67173900
0,48237100	-0,66230700
0,51424100	-0,65355600
0,54609200	-0,64399500
0,57791800	-0,63090900
0,60971800	-0,61180300
0,64147800	-0,58567600
0,67318700	-0,54815300
0,70484100	-0,49553900
0,73642700	-0,43208600
0,76797100	-0,36441600
0,79945500	-0,29784000
0,82797600	-0,23806600
0,85170400	-0,18795600
0,87145100	-0,14628400
0,88788800	-0,11184300
0,90157300	-0,08328920
0,91296800	-0,05945740
0,92245600	-0,03956240
0,93035700	-0,02294190
0,93693500	-0,00880014
0,94365800	0,00493701
0,95103200	0,02023820
0,95867400	0,03616360
0,96614100	0,05141760
0,97302800	0,06532340
0,97905200	0,07719250
0,98407900	0,08685100
0,98811600	0,09439290
0,98811600	0,09439290
0,99363800	0,10433800
0,99363800	0,10433800
0,99541300	0,10743900
0,99671700	0,10967600
0,99766500	0,11129800
0,99834900	0,11245600
0,99884000	0,11331600
0,99919100	0,11391100
0,99944100	0,11433900
0,99962000	0,11468800
0,99974700	0,11488700
0,99983600	0,11508600
0,99990000	0,11516300
0,99994500	0,11528300
0,99997700	0,11529200



WING/BODY/NACELLE/PYLON

 GRID_SIZE      MACH     ALPHA
 Fine ICEM      0.75     0.575

WING SECTION 1   Y/BO2 0.15  (Y = 0.08785 m)
     X/C             CP      
0,99996300	-0,07718900
0,99990700	-0,07784950
0,99982200	-0,06984210
0,99969600	-0,06390570
0,99950600	-0,05427470
0,99922100	-0,04339980
0,99879400	-0,02927130
0,99815300	-0,01348210
0,99815300	-0,01348210
0,99575100	0,03111010
0,99575100	0,03111040
0,99358400	0,05406790
0,99033100	0,08188370
0,98869300	0,09037140
0,98544700	0,10725300
0,98057300	0,12377900
0,97569600	0,13807500
0,97081300	0,14951100
0,96592800	0,15868200
0,96103900	0,16673800
0,95614900	0,17358200
0,95125600	0,17982000
0,94636300	0,18567200
0,94145700	0,19051300
0,93736800	0,19489900
0,93396100	0,19877300
0,93026100	0,20088600
0,92582100	0,20455500
0,92049300	0,20826600
0,91409800	0,21197000
0,90642300	0,21417400
0,89721400	0,21609700
0,88616800	0,21700100
0,87292100	0,21621500
0,85704100	0,21258600
0,83801900	0,20546500
0,82168200	0,19722800
0,81526400	0,19398800
0,78814800	0,17517200
0,75600600	0,12600700
0,71865400	0,04471010
0,68183900	-0,04271800
0,67290200	-0,06284610
0,64526800	-0,12527400
0,60877300	-0,20989400
0,57207600	-0,29803700
0,53482300	-0,35861200
0,49672500	-0,37062500
0,45797600	-0,36590200
0,41878100	-0,37211500
0,37914700	-0,37879800
0,33908500	-0,37030300
0,29877200	-0,35153800
0,25836000	-0,32090100
0,24812900	-0,31183300
0,21791000	-0,28516200
0,18372600	-0,26226700
0,15526900	-0,24038900
0,13164300	-0,21031600
0,12905700	-0,20565500
0,11216300	-0,17514100
0,09599290	-0,13832600
0,08257690	-0,09998550
0,07146640	-0,06134200
0,06227360	-0,02400460
0,05914930	-0,00768964
0,05468540	0,01582980
0,04843400	0,05490350
0,04327760	0,09139470
0,03903640	0,12643100
0,03554390	0,15748600
0,03270460	0,18874800
0,02990330	0,22214700
0,02714510	0,25784200
0,02443750	0,29679100
0,02178770	0,33909600
0,01920420	0,38532300
0,01809310	0,40741500
0,01669960	0,43522100
0,01428450	0,48900400
0,01197510	0,54664100
0,00979183	0,60868400
0,00775197	0,67099000
0,00588042	0,73701500
0,00421040	0,79760900
0,00277254	0,85908200
0,00161511	0,90223700
0,00086377	0,93380500
0,00037845	0,94804100
0,00015200	0,94707000
0,00000000	0,93159300
0,00000000	0,93159300
0,00002320	0,91184600
0,00005654	0,90453600
0,00009391	0,89406500
0,00009391	0,89406500
0,00019929	0,87450400
0,00028522	0,86141600
0,00028522	0,86141600
0,00058399	0,81558500
0,00058399	0,81558500
0,00083845	0,77389900
0,00143303	0,68174300
0,00143305	0,68174300
0,00192578	0,61288200
0,00280426	0,50054800
0,00408549	0,38017600
0,00591799	0,21853400
0,00816854	0,04782970
0,01069820	-0,11408100
0,01346140	-0,26073900
0,01641910	-0,39429900
0,01953890	-0,51440500
0,02277160	-0,61875300
0,02611470	-0,70594700
0,02954720	-0,77870300
0,03305420	-0,83730000
0,03662030	-0,88259300
0,04023520	-0,91936700
0,04389010	-0,94745000
0,04757740	-0,97288200
0,05110240	-0,99340400
0,05536080	-1,00191000
0,06050330	-1,00531000
0,06671340	-1,00661000
0,07421040	-1,00424000
0,08325100	-1,00067000
0,09415230	-0,99630900
0,10728300	-0,99003000
0,12309000	-0,98038700
0,14210600	-0,96822500
0,16496300	-0,96152300
0,19242800	-0,95696900
0,22541200	-0,94112800
0,26422600	-0,90062800
0,30303700	-0,82163200
0,34183500	-0,71557000
0,38061400	-0,62722000
0,41936500	-0,58083400
0,45808500	-0,55997700
0,49676500	-0,54212200
0,53540000	-0,51685700
0,57397700	-0,48326700
0,61248100	-0,44316500
0,65089200	-0,39988200
0,68918500	-0,35518800
0,71048700	-0,33041600
0,72733100	-0,31073300
0,76532400	-0,26972500
0,79749800	-0,24177000
0,82420200	-0,22930100
0,84633600	-0,22227600
0,86467000	-0,21690700
0,86943400	-0,21565700
0,87985100	-0,21253600
0,89243100	-0,21021000
0,90285200	-0,20896100
0,91148800	-0,20705500
0,91865200	-0,20555400
0,92459800	-0,20410000
0,92953300	-0,20231400
0,93363800	-0,20048800
0,93705200	-0,20007200
0,94032600	-0,19837500
0,94425400	-0,19661300
0,94895900	-0,19455400
0,95187100	-0,19229600
0,95364500	-0,19060700
0,95832400	-0,18665700
0,96299200	-0,18129600
0,96765300	-0,17529300
0,97230300	-0,16797300
0,97694400	-0,15959700
0,98157600	-0,14926000
0,98619800	-0,13790100
0,99083000	-0,12398600
0,99391100	-0,11258900
0,99733400	-0,10042100
0,99733400	-0,10042200
0,99885500	-0,09525280
0,99926100	-0,09398220
0,99953100	-0,09308270
0,99971200	-0,09235580
0,99983200	-0,09205150
0,99991200	-0,09135590
0,99996500	-0,09159890
1,00000000	-0,09168490
0,99996500	-0,09159890

WING SECTION 2   Y/BO2 0.239 (Y = 0.13987 m)
     X/C             CP      
0,99996300	0,15197800
0,99990700	0,15167100
0,99982600	0,15114600
0,99970600	0,15113500
0,99952500	0,15059900
0,99925300	0,15006300
0,99884500	0,14929200
0,99823400	0,14797800
0,99823400	0,14797800
0,99594100	0,14341000
0,99594100	0,14341000
0,99387800	0,13963100
0,99078300	0,13226400
0,98613300	0,12202400
0,98149400	0,11158800
0,97684900	0,10010600
0,97219700	0,08864840
0,96754000	0,07643410
0,96527300	0,07041690
0,96287500	0,06405150
0,95820600	0,05082630
0,95353000	0,03795750
0,94884900	0,02357850
0,94415100	0,00998936
0,94023100	-0,00172539
0,93696600	-0,01199570
0,93349000	-0,02229250
0,92931400	-0,03538400
0,92429600	-0,05096360
0,91825900	-0,06937390
0,91099500	-0,09090140
0,90225000	-0,11605100
0,89171900	-0,14380600
0,87902800	-0,17442400
0,86374100	-0,20772900
0,84531600	-0,24149000
0,82311300	-0,27303900
0,79636700	-0,30556600
0,76417800	-0,34921600
0,72623500	-0,40352300
0,69092600	-0,45122200
0,68816500	-0,45493600
0,64996900	-0,49387100
0,61167100	-0,52173200
0,57329700	-0,54328400
0,53486300	-0,56173100
0,49638200	-0,57763400
0,45786500	-0,58573100
0,41931100	-0,57970200
0,38073200	-0,55987100
0,34213000	-0,54845900
0,30351100	-0,66022700
0,26487200	-0,91628000
0,22623200	-1,09588000
0,19335400	-1,19520000
0,16597500	-1,30981000
0,14317900	-1,37676000
0,12420400	-1,39596000
0,10842400	-1,39573000
0,09530490	-1,39275000
0,08440480	-1,38764000
0,07535530	-1,37791000
0,06784410	-1,36295000
0,06161380	-1,34292000
0,05644770	-1,32217000
0,05216520	-1,30057000
0,04861650	-1,27693000
0,04500900	-1,25289000
0,04142600	-1,22440000
0,03787370	-1,18841000
0,03435890	-1,14216000
0,03089270	-1,08104000
0,02748850	-1,00083000
0,02416480	-0,89794800
0,02094150	-0,77940100
0,01780880	-0,65575300
0,01481100	-0,52789500
0,01197590	-0,38770800
0,00934178	-0,23497200
0,00694060	-0,06861790
0,00486502	0,10108300
0,00326393	0,25264700
0,00206797	0,39121000
0,00128125	0,50707400
0,00056041	0,64012200
0,00056041	0,64012200
0,00025014	0,70067100
0,00016463	0,71924200
0,00010556	0,73368800
0,00010556	0,73368800
0,00003356	0,75625100
0,00000908	0,76766500
0,00000000	0,78105500
0,00001975	0,79328700
0,00001975	0,79328700
0,00024332	0,81294100
0,00024332	0,81294000
0,00054739	0,81326000
0,00118299	0,79581900
0,00222517	0,75664800
0,00365825	0,70039300
0,00535976	0,63271200
0,00728612	0,56492100
0,00939709	0,49602700
0,01166030	0,43169900
0,01404970	0,36990500
0,01654900	0,31401600
0,01913710	0,26353300
0,02179950	0,21667700
0,02452660	0,17361200
0,02730810	0,13455300
0,03013700	0,09941250
0,03300720	0,06715170
0,03591240	0,03787540
0,03884600	0,00794638
0,04229210	-0,02079160
0,04662930	-0,05015770
0,05209600	-0,08463440
0,05897280	-0,12271600
0,06761560	-0,16492600
0,07844860	-0,20864000
0,09199210	-0,25477700
0,10885200	-0,30508100
0,11819100	-0,32932600
0,12965400	-0,35930300
0,15503400	-0,41459800
0,18555200	-0,46703800
0,22157800	-0,52041500
0,26330200	-0,57008400
0,31044400	-0,57908300
0,35869200	-0,53071400
0,40686000	-0,45208000
0,43444100	-0,41056800
0,45346600	-0,38168800
0,49748600	-0,33383300
0,53863900	-0,27915400
0,57681400	-0,19721200
0,61188100	-0,10997900
0,64388300	-0,03774870
0,67326400	0,02591750
0,70055900	0,08670600
0,72711300	0,14581800
0,75383200	0,19889400
0,78088400	0,23914000
0,80514400	0,26394200
0,82670500	0,27824700
0,84590600	0,28752500
0,86311900	0,29228300
0,87783700	0,29414100
0,89011800	0,29356600
0,90034300	0,29246900
0,90886900	0,29001800
0,91597100	0,28824200
0,92188700	0,28541500
0,92681700	0,28379000
0,93092300	0,27999400
0,93434600	0,28255500
0,93772900	0,27935900
0,94179200	0,27291600
0,94666600	0,27222900
0,95152900	0,26784600
0,95639000	0,26459600
0,96125000	0,26056800
0,96610800	0,25615300
0,97096400	0,25118100
0,97581700	0,24524700
0,98066700	0,23786100
0,98551400	0,23028400
0,99037300	0,21832800
0,99360900	0,20587200
0,99720200	0,18645800
0,99720200	0,18645800
0,99879700	0,17063100
0,99922300	0,16439100
0,99950600	0,16032500
0,99969600	0,15493600
0,99982200	0,15372500
0,99990600	0,14703000
0,99996200	0,14545800
1,00000000	0,14841400
0,99996200	0,14545800

WING SECTION 3   Y/BO2 0.331 (Y = 0.19453 m)
     X/C             CP      
0,99996200	0,14679100
0,99990500	0,14734800
0,99982200	0,15364800
0,99969600	0,15331700
0,99950800	0,15895400
0,99922600	0,16312400
0,99880200	0,16954900
0,99816700	0,17613200
0,99816700	0,17613200
0,99578400	0,19448100
0,99578400	0,19448100
0,99363900	0,20414900
0,99042200	0,21670300
0,98559400	0,22915800
0,98078000	0,23777600
0,97596500	0,24610100
0,97115100	0,25270300
0,96633600	0,25853700
0,96152000	0,26350000
0,95732100	0,26744900
0,95670400	0,26802800
0,95188900	0,27176300
0,94707300	0,27578500
0,94224800	0,27821800
0,93822600	0,28166600
0,93487500	0,28326400
0,93169400	0,28363700
0,92787500	0,28660600
0,92328900	0,28805300
0,91778500	0,29046700
0,91117500	0,29241400
0,90323600	0,29491300
0,89371300	0,29637500
0,88226200	0,29722500
0,86852700	0,29619100
0,85258600	0,29311800
0,83600800	0,28729800
0,81940400	0,27876600
0,80279300	0,26938000
0,78625600	0,25528700
0,77061200	0,24487900
0,75579600	0,23261600
0,73816300	0,21083500
0,71542800	0,18756100
0,68622900	0,15492000
0,64882300	0,11139100
0,64727400	0,10946200
0,60404800	0,05574540
0,55607700	-0,01822230
0,50574800	-0,10111800
0,45397300	-0,18410400
0,40150500	-0,27325300
0,36627000	-0,34032700
0,34915100	-0,37295000
0,29781800	-0,52185500
0,24826900	-0,87361000
0,20530100	-1,27361000
0,17000400	-1,26455000
0,14133400	-0,95497200
0,11828000	-0,76728700
0,09989190	-0,66501400
0,08532480	-0,53630500
0,07378940	-0,42834400
0,06465170	-0,33549900
0,05743290	-0,25631500
0,05175090	-0,18867800
0,04728510	-0,13394700
0,04378340	-0,08816010
0,04089120	-0,04493930
0,03800060	-0,00465242
0,03511680	0,03804400
0,03224590	0,08374650
0,02938810	0,12876800
0,02654710	0,17800100
0,02373890	0,23111500
0,02373890	0,23111500
0,02096640	0,28491800
0,01824760	0,34469300
0,01559480	0,40648500
0,01303440	0,47258100
0,01060600	0,53687300
0,00834744	0,60654900
0,00630462	0,66774400
0,00451347	0,72519800
0,00197815	0,78886900
0,00197815	0,78886900
0,00073350	0,79349600
0,00073350	0,79349600
0,00021835	0,76235800
0,00010362	0,74418300
0,00003970	0,72343000
0,00000946	0,70500800
0,00000951	0,70500800
0,00001993	0,65469700
0,00008407	0,61604700
0,00021421	0,56593500
0,00021421	0,56593500
0,00079604	0,40827900
0,00079599	0,40827900
0,00207619	0,18245100
0,00207619	0,18245100
0,00374289	0,01744040
0,00580399	-0,17865400
0,00815975	-0,33648800
0,01074590	-0,48742300
0,01351750	-0,62394900
0,01644440	-0,74774200
0,01949600	-0,86706000
0,02265490	-0,99212600
0,02589930	-1,12226000
0,02923930	-1,22884000
0,03264030	-1,29684000
0,03608710	-1,33929000
0,03956410	-1,36686000
0,04306640	-1,38849000
0,04658940	-1,40661000
0,05013050	-1,41866000
0,05372530	-1,42434000
0,05805450	-1,42515000
0,06326750	-1,42323000
0,06954380	-1,41788000
0,07709660	-1,40691000
0,08618510	-1,38803000
0,09711330	-1,35702000
0,11025000	-1,31403000
0,12603000	-1,27238000
0,12772800	-1,26939000
0,14499100	-1,23936000
0,16775100	-1,20492000
0,19506500	-1,19248000
0,22785100	-0,99855400
0,26629400	-0,64240200
0,30472600	-0,53210200
0,34312200	-0,61038700
0,38149400	-0,66019500
0,41983600	-0,68189000
0,45815300	-0,68660600
0,49642900	-0,68253700
0,53467400	-0,67206100
0,57287600	-0,65675400
0,61103000	-0,63432000
0,64912200	-0,59966600
0,68713500	-0,54614300
0,72504300	-0,47317700
0,76286500	-0,39468700
0,79503300	-0,32717400
0,82179300	-0,27268900
0,84405700	-0,22562800
0,86257600	-0,18325100
0,87798100	-0,14524000
0,88379600	-0,13037400
0,89079900	-0,11247300
0,90146600	-0,08453480
0,91034400	-0,06081130
0,91773300	-0,04065470
0,92388400	-0,02381200
0,92900700	-0,00981876
0,93327100	0,00127035
0,93682300	0,01168300
0,94008700	0,02010500
0,94400000	0,02998960
0,94869500	0,04210460
0,95337300	0,05420530
0,95939900	0,06869510
0,95939900	0,06869510
0,96272400	0,07668000
0,96739700	0,08771680
0,97206600	0,09810860
0,97673200	0,10812400
0,98139700	0,11800000
0,98605600	0,12669100
0,99072800	0,13544600
0,99383900	0,14153200
0,99729500	0,14708700
0,99729500	0,14708700
0,99826100	0,14834300
0,99883200	0,14939700
0,99924300	0,14998100
0,99951700	0,15038400
0,99970000	0,15074800
0,99982200	0,15065500
0,99990300	0,15105700
0,99996000	0,15138100
0,99999800	0,15079700
0,99996000	0,15138100

WING SECTION 4   Y/BO2 0.377 (Y = 0.22156 m)
     X/C             CP      
0,99996000	0,14271800
0,99990400	0,14244200
0,99982200	0,14203300
0,99970100	0,14214100
0,99951800	0,14172200
0,99924300	0,14127200
0,99883200	0,14062500
0,99821500	0,13941100
0,99729000	0,13794200
0,99729000	0,13794200
0,99382800	0,13095700
0,99382800	0,13095700
0,99071800	0,12348400
0,98925300	0,11994900
0,98604500	0,11229100
0,98138100	0,10295600
0,97670700	0,09070710
0,97203800	0,07971360
0,96735500	0,06825370
0,96267900	0,05519410
0,95799600	0,04424290
0,95330900	0,03045950
0,94862400	0,01899810
0,94391700	0,00500240
0,94000300	-0,00474930
0,93672300	-0,01079760
0,93317000	-0,02459150
0,92890300	-0,03540580
0,92376600	-0,04859170
0,91760600	-0,06638600
0,91021000	-0,08647060
0,90132300	-0,10998000
0,89065200	-0,13844500
0,87783300	-0,17157000
0,86243200	-0,21028400
0,84392900	-0,25560000
0,82169100	-0,30768200
0,79496600	-0,37030700
0,76283500	-0,44772300
0,72504000	-0,53649400
0,68714500	-0,61902100
0,64915000	-0,67755300
0,61107000	-0,71077200
0,57293200	-0,72975000
0,53475300	-0,74216200
0,49653600	-0,74961100
0,45829000	-0,75053900
0,42001500	-0,74616000
0,38172400	-0,72802500
0,34341100	-0,68154400
0,30508200	-0,61790400
0,26673500	-0,65047500
0,22838100	-0,87687800
0,19569400	-1,06051000
0,16846300	-1,06191000
0,14577600	-1,04490000
0,12687900	-1,03936000
0,11114900	-1,02912000
0,09805320	-1,02070000
0,08715590	-1,01020000
0,07808960	-1,00203000
0,07054900	-0,99220100
0,06427900	-0,97842500
0,05906740	-0,96244600
0,05473530	-0,94184000
0,05113830	-0,93180200
0,04770530	-0,92332200
0,04429040	-0,89895300
0,04089040	-0,87332400
0,03751090	-0,84838500
0,03415490	-0,82453300
0,03083090	-0,78812300
0,02755460	-0,71643200
0,02434980	-0,59636700
0,02122940	-0,45140400
0,01819530	-0,31094700
0,01525430	-0,17633700
0,01242750	-0,04212360
0,00973822	0,10597900
0,00722363	0,24593200
0,00492289	0,41012800
0,00201070	0,62841700
0,00201070	0,62841700
0,00082471	0,74059300
0,00082471	0,74059300
0,00022564	0,79394700
0,00009188	0,80089600
0,00002530	0,79802600
0,00002524	0,79802600
0,00016313	0,72842400
0,00005084	0,75989800
0,00000554	0,77860300
0,00000000	0,79032000
0,00076444	0,61647800
0,00076444	0,61647800
0,00247991	0,41630500
0,00247991	0,41630500
0,00417214	0,27512700
0,00590507	0,15233600
0,00785142	0,05820170
0,00998344	-0,03033090
0,01227840	-0,09519110
0,01471700	-0,15322000
0,01727980	-0,19300200
0,01995350	-0,22448700
0,02271580	-0,24529000
0,02555840	-0,26296700
0,02847080	-0,27605000
0,03144610	-0,28344000
0,03447560	-0,28580500
0,03755230	-0,28532400
0,04066980	-0,28340300
0,04382290	-0,28071300
0,04700630	-0,28000200
0,05059570	-0,27728100
0,05493510	-0,27082900
0,06018450	-0,26541200
0,06653790	-0,25898300
0,07422720	-0,25115800
0,08353340	-0,24431300
0,09479820	-0,23972800
0,10843800	-0,23701200
0,12495500	-0,23724600
0,14494400	-0,24225800
0,15754900	-0,24675600
0,16901000	-0,25082800
0,19795800	-0,26421500
0,23278200	-0,28371400
0,27467400	-0,30449100
0,32313600	-0,31028800
0,37856400	-0,28494100
0,43458300	-0,22793700
0,49085000	-0,15189100
0,51037600	-0,12465300
0,54710900	-0,07391730
0,60181100	-0,00126596
0,64672100	0,06159740
0,68087400	0,11302400
0,70673500	0,15440400
0,72632200	0,18604800
0,74566000	0,21832400
0,76502500	0,24973500
0,78443400	0,27633600
0,80388800	0,29995200
0,82339000	0,31703600
0,84293000	0,32838000
0,86129300	0,33253100
0,87659100	0,33257300
0,88933200	0,32948200
0,89994400	0,32541700
0,90878300	0,32085700
0,91614600	0,31737900
0,92227900	0,31288100
0,92738900	0,31022700
0,92738900	0,31022700
0,93164600	0,30585800
0,93519300	0,30461700
0,93854100	0,30237000
0,94255700	0,29731800
0,94737400	0,29393700
0,95217800	0,28831300
0,95697800	0,28307500
0,96177500	0,27680400
0,96656900	0,26991900
0,97135900	0,26199900
0,97614600	0,25303600
0,98092900	0,24228300
0,98570800	0,23000100
0,99050100	0,21494300
0,99582000	0,18798400
0,99582000	0,18798400
0,99818300	0,16999000
0,99881300	0,16312400
0,99923300	0,15703900
0,99951300	0,15238700
0,99970000	0,14771400
0,99982400	0,14559800
0,99990700	0,14143700
0,99996300	0,14056900
0,99996300	0,14056900
1,00000000	0,14087900

WING SECTION 5   Y/BO2 0.411 (Y = 0.24037 m)
     X/C             CP      
0,99996400	0,11523600
0,99991000	0,11511400
0,99983000	0,11495100
0,99971000	0,11464300
0,99952900	0,11432200
0,99925700	0,11363300
0,99885100	0,11295000
0,99824000	0,11149300
0,99732400	0,10995600
0,99732400	0,10995700
0,99389000	0,10299400
0,99389000	0,10299300
0,99079500	0,09583910
0,98614900	0,08540680
0,98151400	0,07528940
0,97687500	0,06394370
0,97223000	0,05286110
0,96758200	0,04125660
0,96292700	0,02999590
0,95827100	0,01753820
0,95361200	0,00621705
0,94894700	-0,00651572
0,94427300	-0,01834290
0,94037100	-0,02833110
0,93712200	-0,03717800
0,93358000	-0,04595240
0,92932800	-0,05738050
0,92422400	-0,07034890
0,91809500	-0,08659770
0,91073600	-0,10552600
0,90189500	-0,12803100
0,89127700	-0,15497600
0,87852200	-0,18703800
0,86319500	-0,22503100
0,84477700	-0,27051700
0,82263900	-0,32440700
0,79601700	-0,38977700
0,76399100	-0,47098500
0,72627800	-0,56300100
0,68842800	-0,64808100
0,65044700	-0,70894900
0,61235900	-0,74506600
0,57419600	-0,76455000
0,53597600	-0,77430700
0,49771000	-0,78027400
0,45940800	-0,78383100
0,42107700	-0,78095300
0,38272300	-0,76193200
0,34434900	-0,72094400
0,30595900	-0,67293300
0,26755800	-0,67591500
0,22915300	-0,79725500
0,19643700	-0,94946900
0,16918100	-0,99735000
0,14648000	-0,97609500
0,12757500	-0,95318200
0,11183700	-0,93736200
0,09873700	-0,92611100
0,08783610	-0,92069500
0,07876490	-0,92005200
0,07121830	-0,91759500
0,06494190	-0,91161100
0,05972330	-0,90351500
0,05538410	-0,89577100
0,05177610	-0,88713200
0,04838110	-0,87686800
0,04499600	-0,86568500
0,04162310	-0,85362300
0,03826580	-0,84203600
0,03492730	-0,83057500
0,03161370	-0,81080000
0,02833700	-0,75881000
0,02511930	-0,64976100
0,02198180	-0,49454400
0,01893260	-0,34298900
0,01595450	-0,21139600
0,01307510	-0,07811860
0,01032120	0,06742690
0,00771882	0,21162300
0,00530659	0,37441400
0,00315804	0,52657700
0,00108745	0,72365300
0,00108745	0,72365300
0,00031867	0,81951800
0,00015937	0,83997200
0,00006798	0,85093900
0,00001940	0,85373700
0,00001940	0,85373700
0,00014669	0,81613500
0,00004607	0,83745900
0,00000508	0,84776600
0,00000006	0,85279900
0,00034428	0,78358400
0,00126076	0,66044100
0,00126076	0,66044100
0,00362384	0,44571000
0,00362390	0,44571000
0,00580999	0,30751800
0,00822743	0,18580200
0,01080130	0,09976770
0,01348640	0,03022910
0,01624990	-0,02143880
0,01907650	-0,05961960
0,02194760	-0,08663540
0,02485340	-0,10803900
0,02778770	-0,12475500
0,03074530	-0,13718300
0,03372190	-0,14583300
0,03671440	-0,15175500
0,03971980	-0,15581600
0,04273610	-0,15857000
0,04576160	-0,16053200
0,04879480	-0,16278100
0,05281550	-0,16322800
0,05765140	-0,16398000
0,06347000	-0,16730500
0,07047400	-0,16835300
0,07889570	-0,17057200
0,08902790	-0,17552500
0,10121100	-0,18278200
0,11586500	-0,19433800
0,13349000	-0,20912700
0,15469200	-0,22672500
0,18020000	-0,24682600
0,21089300	-0,26979100
0,24783800	-0,28962600
0,29229500	-0,29866900
0,33950400	-0,28766900
0,38679200	-0,25610700
0,43411800	-0,21533900
0,48144700	-0,16934100
0,52874900	-0,11633600
0,57600100	-0,05690240
0,62318800	0,00918888
0,65948700	0,06888740
0,68704700	0,11666800
0,70800300	0,15192300
0,72966600	0,19043000
0,75133200	0,23292900
0,77301600	0,26735700
0,79467700	0,29944900
0,81632200	0,32267500
0,83794700	0,33736900
0,85734900	0,34260800
0,87351000	0,34117300
0,88696700	0,33615500
0,89817300	0,33039500
0,90750600	0,32368600
0,91527900	0,31791100
0,92175500	0,31197400
0,92715000	0,30781800
0,93164400	0,30324300
0,93538900	0,30012400
0,93871300	0,29696600
0,94270300	0,29182300
0,94748800	0,28656900
0,95226200	0,28012500
0,95703200	0,27383900
0,96180200	0,26518100
0,96657000	0,25781500
0,97133500	0,24734000
0,97610000	0,23724000
0,98086100	0,22453100
0,98562100	0,20929100
0,99039600	0,19312500
0,99357800	0,17651900
0,99711400	0,15379500
0,99805600	0,14526900
0,99868500	0,13818000
0,99910400	0,13241200
0,99938300	0,12783700
0,99957000	0,12380400
0,99969400	0,12067400
0,99977700	0,11719100
0,99983200	0,11616500
0,99983200	0,11616500
0,99986900	0,11190200

WING SECTION 6   Y/BO2 0.514 (Y = 0.30090 m)
     X/C             CP      
0,99996500	0,10833500
0,99991400	0,10825400
0,99983400	0,10817000
0,99971400	0,10786400
0,99953300	0,10761500
0,99926100	0,10703100
0,99885400	0,10646400
0,99824400	0,10525600
0,99732700	0,10398400
0,99732700	0,10398400
0,99389000	0,09827900
0,99389000	0,09827900
0,99079300	0,09236930
0,98614400	0,08385370
0,98150600	0,07551890
0,97686300	0,06621980
0,97221600	0,05709910
0,96756400	0,04754900
0,96290600	0,03828960
0,95824700	0,02793780
0,95358500	0,01855340
0,94891900	0,00799603
0,94424100	-0,00216711
0,94033700	-0,01011140
0,93708400	-0,01774350
0,93354100	-0,02530510
0,92928500	-0,03481710
0,92417600	-0,04602550
0,91804100	-0,05980160
0,91067400	-0,07625500
0,90182500	-0,09573820
0,89119600	-0,11945700
0,87842800	-0,14791000
0,86308800	-0,18207200
0,84465400	-0,22353200
0,82785500	-0,26137500
0,82249600	-0,27345000
0,79585300	-0,33463200
0,76380300	-0,41190800
0,72605400	-0,49966900
0,68817300	-0,58075400
0,65016600	-0,64039700
0,61205600	-0,68069000
0,57387600	-0,71158000
0,53564300	-0,73972600
0,49736700	-0,76935900
0,45905900	-0,79836700
0,42072500	-0,81952600
0,38237100	-0,82640600
0,34400000	-0,81928800
0,30561700	-0,80422700
0,26722800	-0,79001200
0,22883800	-0,79085200
0,19614900	-0,81689000
0,16892000	-0,86163400
0,14624200	-0,90411900
0,12736100	-0,92863600
0,11164300	-0,94075700
0,09856180	-0,95381900
0,08767790	-0,97720000
0,07862120	-1,00493000
0,07108790	-1,02403000
0,06482330	-1,03329000
0,05961500	-1,03915000
0,05528460	-1,04395000
0,05168580	-1,05137000
0,04833830	-1,05816000
0,04500240	-1,05972000
0,04167850	-1,05913000
0,03837020	-1,05566000
0,03508080	-1,04665000
0,03181530	-1,02055000
0,02858560	-0,95519900
0,02541250	-0,83452500
0,02231630	-0,67141100
0,01930820	-0,51646200
0,01637070	-0,38878600
0,01352420	-0,26147700
0,01079570	-0,12227200
0,00821028	0,02110250
0,00580021	0,18232900
0,00362520	0,34106400
0,00126868	0,58600000
0,00126868	0,58600000
0,00036550	0,73996400
0,00017877	0,78681200
0,00007346	0,81881900
0,00001854	0,83923000
0,00001854	0,83923000
0,00018261	0,87231000
0,00006055	0,87171700
0,00000906	0,86404600
0,00000000	0,85317000
0,00000906	0,86404600
0,00082244	0,83595100
0,00148534	0,78878400
0,00148534	0,78878400
0,00416301	0,62187100
0,00416315	0,62187100
0,00638155	0,51270100
0,00880384	0,41737700
0,01136590	0,34199000
0,01402880	0,28028500
0,01676440	0,23062300
0,01955830	0,19181800
0,02239380	0,16128100
0,02526130	0,13486000
0,02815640	0,11286600
0,03107350	0,09506170
0,03400860	0,08044500
0,03695910	0,06835030
0,03992200	0,05822650
0,04289530	0,04941270
0,04587720	0,04154720
0,04886490	0,03220030
0,05284090	0,02514370
0,05762100	0,01721460
0,06337120	0,00457552
0,07029260	-0,00580379
0,07861410	-0,01852140
0,08862580	-0,03427380
0,10066300	-0,05220410
0,11513900	-0,07508670
0,13254900	-0,10137100
0,15349100	-0,13059900
0,17868300	-0,16267600
0,20899200	-0,19767100
0,24546500	-0,23100400
0,28925200	-0,25701000
0,33550100	-0,26617100
0,36778600	-0,25861000
0,38182100	-0,25532000
0,42817200	-0,23108800
0,47452400	-0,19444000
0,52084800	-0,14345100
0,56712100	-0,08222010
0,61332900	-0,01492980
0,64980500	0,04557020
0,67847300	0,09407860
0,70123800	0,13264100
0,72463200	0,17204300
0,74802700	0,21364300
0,77144000	0,24921700
0,79424700	0,27954300
0,81647000	0,30000100
0,83820100	0,31193800
0,85754700	0,31488300
0,87366300	0,31188700
0,88708400	0,30593800
0,89826200	0,29962800
0,90757100	0,29267500
0,91532600	0,28658200
0,92178600	0,28082300
0,92716700	0,27656700
0,93165100	0,27236200
0,93538700	0,26916100
0,93871200	0,26579700
0,94270100	0,26150200
0,94748600	0,25613700
0,95226100	0,25036600
0,95703200	0,24465000
0,96180200	0,23641400
0,96657100	0,23016500
0,97133600	0,22047300
0,97610300	0,21173000
0,98086400	0,20060000
0,98562500	0,18689200
0,99040200	0,17348600
0,99358400	0,15932800
0,99712000	0,14021400
0,99806300	0,13326800
0,99869200	0,12754500
0,99911100	0,12311100
0,99939100	0,11942300
0,99957700	0,11683500
0,99970100	0,11360000
0,99978400	0,11188000
0,99983900	0,11173400
0,99983900	0,11173400
0,99987500	0,10478900

WING SECTION 7   Y/BO2 0.638 (Y = 0.37319 m)
     X/C             CP      
0,99996500	0,10443100
0,99991300	0,10438500
0,99983500	0,10429700
0,99971500	0,10409400
0,99953400	0,10388300
0,99926300	0,10338900
0,99885500	0,10289500
0,99824300	0,10178600
0,99732600	0,10059600
0,99732600	0,10059600
0,99388600	0,09515980
0,99388600	0,09515950
0,99078600	0,08950730
0,98613300	0,08137020
0,98149000	0,07339390
0,97684400	0,06447600
0,97219300	0,05574270
0,96753700	0,04655840
0,96287600	0,03768470
0,95821300	0,02768020
0,95354800	0,01868630
0,94887700	0,00845773
0,94419700	-0,00127929
0,94029100	-0,00905733
0,93703800	-0,01652980
0,93348800	-0,02363890
0,92922500	-0,03294130
0,92410900	-0,04376840
0,91796500	-0,05715360
0,91058800	-0,07315390
0,90172600	-0,09206300
0,89108300	-0,11517700
0,87829800	-0,14289800
0,86293700	-0,17620600
0,84447900	-0,21660500
0,82229500	-0,26519400
0,79562100	-0,32479400
0,76353800	-0,39992100
0,72573800	-0,48424400
0,68781100	-0,56151300
0,64976400	-0,61956800
0,61162300	-0,66057100
0,57341900	-0,68923400
0,53516700	-0,70625800
0,49687700	-0,71697500
0,45856000	-0,72969500
0,42022200	-0,75017000
0,38186800	-0,77677000
0,34350300	-0,80283200
0,30513100	-0,82204900
0,26675900	-0,83211200
0,22839300	-0,83889900
0,19574400	-0,85048000
0,16855400	-0,87727000
0,14591300	-0,92939700
0,12706400	-0,99799200
0,11137800	-1,05693000
0,09832480	-1,09211000
0,08746620	-1,11633000
0,07843170	-1,13749000
0,07091820	-1,15123000
0,06467100	-1,15868000
0,05947820	-1,16423000
0,05516160	-1,16919000
0,05157370	-1,17322000
0,04830020	-1,17428000
0,04503720	-1,17176000
0,04178640	-1,16643000
0,03855080	-1,15604000
0,03533420	-1,13942000
0,03214070	-1,10854000
0,02898010	-1,04302000
0,02587260	-0,92793200
0,02283740	-0,77154800
0,01988780	-0,61634000
0,01701000	-0,48900100
0,01421280	-0,36957500
0,01152210	-0,23994100
0,00896285	-0,10139000
0,00655980	0,04734070
0,00435789	0,20520600
0,00155550	0,47646100
0,00155550	0,47646100
0,00044233	0,66498600
0,00020764	0,72857900
0,00008117	0,77310300
0,00001855	0,80345800
0,00001855	0,80345800
0,00023825	0,86686900
0,00008271	0,85767400
0,00001577	0,84308500
0,00000000	0,82423500
0,00001592	0,84308500
0,00103153	0,84217400
0,00103153	0,84217400
0,00308394	0,72923700
0,00308394	0,72923700
0,00725213	0,53922100
0,00725228	0,53922100
0,01221420	0,39284800
0,01221420	0,39284800
0,01753220	0,29292600
0,01753210	0,29292600
0,02305510	0,22773400
0,02305490	0,22773400
0,02869920	0,17996300
0,02869920	0,17996300
0,03442580	0,14650400
0,03442580	0,14650400
0,04020850	0,12217100
0,04020850	0,12217100
0,04603050	0,10300300
0,04603040	0,10300300
0,04895210	0,09346920
0,05285890	0,08477380
0,05755630	0,07411470
0,06320620	0,05980230
0,07000660	0,04693140
0,07818130	0,03178760
0,08801490	0,01363240
0,09983830	-0,00639991
0,11405400	-0,03179410
0,13114800	-0,06090380
0,15170700	-0,09321490
0,17643500	-0,12830200
0,20617800	-0,16679000
0,24196000	-0,20568300
0,28476400	-0,23789100
0,32960000	-0,25369000
0,37449700	-0,24985500
0,41941800	-0,23203100
0,46433500	-0,20226200
0,50922100	-0,15800300
0,55405600	-0,10240000
0,59882500	-0,04098180
0,63556500	0,01680250
0,66586300	0,06672690
0,69129100	0,10965700
0,71723000	0,15266600
0,74316700	0,19713500
0,76912000	0,23762500
0,79361200	0,27051400
0,81668600	0,29164600
0,83857300	0,30369300
0,85783600	0,30653900
0,87388600	0,30372000
0,88725600	0,29791100
0,89839100	0,29168100
0,90766600	0,28497600
0,91539200	0,27906300
0,92182900	0,27348400
0,92719200	0,26923500
0,93166000	0,26502800
0,93538200	0,26220100
0,93870700	0,25871600
0,94269600	0,25425700
0,94748100	0,24913900
0,95225600	0,24346100
0,95702700	0,23783600
0,96179800	0,22981600
0,96656800	0,22362100
0,97133400	0,21412900
0,97610100	0,20546700
0,98086400	0,19448700
0,98562600	0,18094300
0,99040400	0,16757800
0,99358700	0,15357500
0,99712500	0,13471800
0,99806800	0,12780400
0,99869700	0,12210300
0,99911700	0,11740000
0,99939600	0,11363700
0,99958300	0,11012900
0,99970700	0,10734100
0,99978900	0,10447000
0,99984500	0,10374200
0,99984500	0,10374200
0,99988200	0,10051400

WING SECTION 8   Y/BO2 0.847 (Y = 0.49602 m)
     X/C             CP      
0,99996300	0,11071900
0,99990800	0,11063100
0,99983700	0,11051800
0,99972200	0,11024300
0,99954100	0,10997600
0,99926800	0,10943000
0,99886000	0,10890000
0,99824700	0,10779400
0,99732800	0,10664100
0,99594900	0,10419300
0,99595000	0,10419300
0,99077500	0,09588910
0,99077500	0,09588910
0,98611400	0,08801330
0,98146200	0,08029970
0,97680600	0,07167480
0,97214700	0,06328920
0,96748200	0,05437670
0,96281300	0,04583810
0,95814200	0,03627600
0,95346900	0,02754270
0,94879000	0,01787100
0,94410300	0,00843533
0,94019100	0,00104026
0,93337000	-0,01294760
0,93337000	-0,01294760
0,92909200	-0,02171030
0,92395700	-0,03208280
0,91779200	-0,04482300
0,91038900	-0,05999340
0,90149700	-0,07806380
0,89081900	-0,10010000
0,87799300	-0,12665200
0,86258700	-0,15887100
0,84407600	-0,19804700
0,82182600	-0,24420100
0,79507600	-0,30055800
0,76291200	-0,37187600
0,72498500	-0,45072500
0,68694600	-0,52157500
0,64880600	-0,57347300
0,61059000	-0,60849000
0,57232600	-0,63301600
0,53402600	-0,64977900
0,49570200	-0,66274000
0,45736300	-0,67677000
0,41901400	-0,69516100
0,38066200	-0,71718300
0,34231000	-0,73680500
0,30396500	-0,74347300
0,26563400	-0,73181800
0,22732500	-0,71763800
0,19477500	-0,74174200
0,16768000	-0,85353800
0,14512900	-1,00666000
0,12636400	-1,08854000
0,11075200	-1,11107000
0,09776730	-1,13248000
0,08696980	-1,15247000
0,07799230	-1,16735000
0,07052920	-1,17912000
0,06432550	-1,18921000
0,05916990	-1,19680000
0,05132240	-1,20359000
0,05132240	-1,20359000
0,04515410	-1,19300000
0,04515410	-1,19300000
0,03903340	-1,17644000
0,03903340	-1,17644000
0,03298190	-1,14530000
0,03298150	-1,14530000
0,02704690	-0,99526300
0,02704690	-0,99526300
0,02135500	-0,71381400
0,02135500	-0,71381400
0,01594880	-0,47045400
0,01594880	-0,47045400
0,01087420	-0,22888000
0,01087420	-0,22888000
0,00628714	0,04288930
0,00628714	0,04288930
0,00233073	0,35507100
0,00233073	0,35507100
0,00065901	0,59239300
0,00029311	0,67917500
0,00010308	0,74055400
0,00001849	0,78432800
0,00001849	0,78432800
0,00039186	0,86373900
0,00014518	0,85457500
0,00003266	0,83763100
0,00000000	0,81161700
0,00160562	0,81782500
0,00457686	0,66906800
0,00952316	0,47706500
0,01438020	0,36196600
0,01948190	0,28197700
0,02472990	0,22743600
0,03006850	0,18609900
0,03546920	0,15563500
0,04091400	0,13260500
0,04638990	0,11325100
0,04913880	0,10745400
0,05287650	0,09817460
0,05737270	0,08413680
0,06277810	0,07164700
0,06928120	0,05752050
0,07709770	0,04201220
0,08649770	0,02432410
0,09779760	0,00462911
0,11137700	-0,02076100
0,12770200	-0,04998150
0,14732700	-0,08229030
0,17092400	-0,11738300
0,19928900	-0,15653100
0,23339800	-0,19673500
0,27380700	-0,23251400
0,31520700	-0,25541200
0,35664300	-0,25871800
0,39808600	-0,24841900
0,43951300	-0,22837700
0,48090600	-0,19655500
0,52224500	-0,15218100
0,56351800	-0,10001800
0,60091100	-0,04629760
0,63518400	0,00682740
0,66709600	0,05870790
0,69922800	0,11174600
0,73134500	0,16483700
0,76347500	0,21524100
0,79205800	0,25528300
0,81720600	0,27874000
0,83947200	0,29109000
0,85853500	0,29430700
0,87442800	0,29211100
0,88767000	0,28707400
0,89870300	0,28164300
0,90789300	0,27559200
0,91555200	0,27025300
0,92193100	0,26522900
0,92724800	0,26130900
0,93167600	0,25756600
0,93869100	0,25183500
0,93869100	0,25183500
0,94268000	0,24770300
0,94746500	0,24292100
0,95224100	0,23784200
0,95701300	0,23265900
0,96178500	0,22519200
0,96655500	0,21970200
0,97132400	0,21077000
0,97609300	0,20304800
0,98085700	0,19284100
0,98562300	0,18025400
0,99040400	0,16827400
0,99571300	0,14626400
0,99712900	0,13839100
0,99807300	0,13178700
0,99870300	0,12622400
0,99912300	0,12176000
0,99940200	0,11805900
0,99958900	0,11556600
0,99971300	0,11367100
0,99979600	0,11215700
0,99985200	0,11239900
0,99985200	0,11239900
0,99988900	0,10921100

NACELLE SECTION       PHI 60  DEGREES OUTBOARD SIDE
     X/C             CP      
,99999000	0,08515890
0,99860400	0,04390540
0,99694100	0,09649700
0,99494500	0,11225000
0,99254900	0,13668300
0,98967500	0,15125000
0,98622600	0,17014400
0,98208700	0,18627900
0,97712000	0,20507300
0,97116000	0,22360400
0,96400800	0,24439200
0,95542600	0,26633800
0,94512600	0,29071900
0,93276800	0,31725300
0,91793700	0,34668900
0,90014000	0,37898500
0,87878400	0,41472400
0,85315700	0,45380000
0,82240500	0,49652100
0,78550100	0,54773200
0,74842600	0,59716200
0,71126200	0,60995600
0,67408700	0,60063600
0,63695100	0,59529900
0,59981500	0,59106200
0,56267900	0,58846100
0,52554300	0,58574100
0,48840700	0,58359800
0,45127100	0,58104800
0,41413400	0,57938300
0,37699800	0,57617200
0,33986200	0,57738600
0,30272600	0,57094600
0,26559000	0,58877000
0,23414400	0,58875200
0,22840400	0,58874800
0,19130500	0,53817100
0,15919300	0,48570500
0,13244400	0,43563300
0,11015800	0,39007000
0,09159240	0,34288300
0,07612690	0,29228500
0,06324470	0,23551700
0,05251570	0,13732000
0,04357880	-0,01535390
0,03609240	-0,14055000
0,02983420	-0,18886400
0,02463790	-0,17787500
0,02034910	-0,14395900
0,01683530	-0,02456390
0,01461990	0,06035550
0,01210120	0,15676200
0,00862612	0,33849700
0,00608337	0,53323600
0,00424073	0,71374100
0,00291962	0,86853700
0,00291962	0,86853800
0,00134112	1,07027000
0,00134112	1,07027000
0,00053083	1,14073000
0,00053083	1,14073000
0,00030851	1,14712000
0,00001401	1,06328000
0,00003087	1,08479000
0,00005798	1,10401000
0,00010300	1,12325000
0,00017843	1,13869000
0,00000443	1,04307000
0,00000474	0,98195700
0,00002626	0,93637600
0,00007593	0,87349200
0,00017227	0,79649900
0,00034297	0,70976900
0,00062012	0,62905100
0,00102049	0,55461200
0,00102049	0,55461200
0,00228393	0,32204200
0,00228393	0,32204200
0,00329675	0,20265400
0,00468109	0,10981900
0,00653351	0,03068470
0,00900696	-0,05389120
0,01234300	-0,13528100
0,01691260	-0,21439700
0,02063830	-0,26714600
0,02521740	-0,28550500
0,03082630	-0,30473200
0,03766400	-0,32565100
0,04545360	-0,34486600
0,05333190	-0,35695300
0,06127690	-0,35995000
0,06927130	-0,36054200
0,07730520	-0,36260200
0,08537260	-0,36328500
0,09346220	-0,37338000
0,10157600	-0,39598400
0,10972800	-0,41302300
0,11790500	-0,42556300
0,12514900	-0,43734700
0,13121500	-0,44358200
0,13827000	-0,44678200
0,14675000	-0,44545100
0,15695400	-0,43966500
0,16921900	-0,43061700
0,18396900	-0,41362100
0,20169200	-0,38649700
0,22014500	-0,35167600
0,23860000	-0,30851800
0,25704600	-0,26140200
0,27547200	-0,22033400
0,29388600	-0,18882400
0,31229100	-0,16325700
0,33068900	-0,14507900
0,34908500	-0,13363000
0,36748100	-0,12773800
0,38588000	-0,12715300
0,40427900	-0,13096600
0,42268000	-0,14050300
0,44109200	-0,15565500
0,45951500	-0,16883100
0,47793700	-0,17404900
0,49634800	-0,17172900
0,51474600	-0,16455600
0,53312800	-0,15402300
0,55148900	-0,14069000
0,56969800	-0,12637600
0,58512800	-0,11332100
0,59796900	-0,10231800
0,60865600	-0,09243770
0,61755400	-0,08535490
0,62496200	-0,07857170
0,63113000	-0,07325370
0,63628500	-0,07026640
0,64164100	-0,06526700
0,64724000	-0,06058680
0,65304000	-0,05532330
0,65884300	-0,04991700
0,66464800	-0,04461880
0,67045700	-0,03919390
0,67626900	-0,03437410
0,68208500	-0,02924210
0,68790800	-0,02607600
0,69373800	-0,02459870
0,69957500	-0,02393250
0,70541700	-0,02445570
0,71126500	-0,02648670
0,71712000	-0,02774360
0,72297300	-0,02461690
0,72878200	-0,01938370
0,73538900	-0,01329740
0,74295100	-0,00953962
0,75167100	-0,01548210
0,76176900	-0,02480820
0,77351000	-0,02825560
0,78722900	-0,03189250
0,80333400	-0,03916390
0,82231400	-0,04520330
0,84480000	-0,05531370
0,87114500	-0,06277390
0,89759900	-0,06075680
0,92086100	-0,05219880
0,93890700	-0,03458870
0,95297100	-0,01230890
0,96402300	0,00231364
0,97277700	0,01035420
0,97979200	0,02107500
0,98549200	0,03136410
0,99020500	0,04096980
0,99384300	0,04478240
0,99653300	0,04788780
0,99852500	0,04114420
1,00000000	0,05777150

NACELLE LOWER SECTION PHI 180 DEGREES
     X/C             CP      
1,00000000	0,12782100
0,99861200	0,08060820
0,99694600	0,13426200
0,99494700	0,14774700
0,99254900	0,17173500
0,98967000	0,18393700
0,98621600	0,20096400
0,98207200	0,21453900
0,97709800	0,23091700
0,97112900	0,24664000
0,96396700	0,26461700
0,95537200	0,28359800
0,94505800	0,30510600
0,93268200	0,32885100
0,91783000	0,35572300
0,90000800	0,38573800
0,87862100	0,41953900
0,85295800	0,45702100
0,82216100	0,49848900
0,78520500	0,54842100
0,74806000	0,59664100
0,71083500	0,60925800
0,67366500	0,60037400
0,63655700	0,59521600
0,59944900	0,59102600
0,56234200	0,58841000
0,52523400	0,58566600
0,48812600	0,58347200
0,45101800	0,58083100
0,41391000	0,57905600
0,37680200	0,57565200
0,33969400	0,57649700
0,30258600	0,56950200
0,26547800	0,58540700
0,22829100	0,58288300
0,19128000	0,53020000
0,15928300	0,47408400
0,13263600	0,41780400
0,11043800	0,36326500
0,09194770	0,30429100
0,07654840	0,23815000
0,06372420	0,16103200
0,05304640	0,03318120
0,04415340	-0,17103600
0,03668380	-0,36944000
0,03041740	-0,49256700
0,02520390	-0,54279000
0,02089620	-0,53851200
0,01736500	-0,41014800
0,01248980	-0,21777000
0,00890367	-0,02589000
0,00627938	0,19628800
0,00438171	0,41267200
0,00302617	0,61118700
0,00302617	0,61118700
0,00141780	0,90369500
0,00141780	0,90369500
0,00059452	1,04458000
0,00059452	1,04458000
0,00003854	1,14742000
0,00006375	1,14809000
0,00009990	1,14418000
0,00015381	1,13685000
0,00023690	1,12007000
0,00037127	1,09093000
0,00002129	1,14578000
0,00000000	1,13328000
0,00000573	1,11954000
0,00003449	1,09424000
0,00010304	1,05753000
0,00023768	1,00578000
0,00047189	0,94491500
0,00082746	0,88066400
0,00082746	0,88066400
0,00198218	0,69172700
0,00198218	0,69172700
0,00293361	0,58061100
0,00425738	0,48018000
0,00605152	0,38761700
0,00846866	0,28960900
0,01175410	0,19233300
0,01628570	0,09655030
0,01943930	0,03310040
0,02332580	-0,00037360
0,02811180	-0,03580940
0,03395110	-0,07234170
0,04058960	-0,11691100
0,04732930	-0,14732700
0,05414170	-0,16505200
0,06101050	-0,18149500
0,06101050	-0,18149500
0,06791660	-0,19644100
0,07485920	-0,20799300
0,08183590	-0,21760800
0,08883250	-0,23593500
0,09586400	-0,25515900
0,10291500	-0,27224400
0,10919800	-0,29744800
0,11446800	-0,31474400
0,12100000	-0,32510000
0,12886900	-0,33722500
0,13834400	-0,34601300
0,14975400	-0,35284800
0,16350000	-0,35499700
0,18004100	-0,35142900
0,18129000	-0,35067600
0,19651800	-0,34148700
0,21302600	-0,32099000
0,22954700	-0,29246000
0,24606400	-0,25902900
0,26257400	-0,22622900
0,27907000	-0,19826700
0,29555200	-0,17547500
0,31202000	-0,15809900
0,32848000	-0,14684100
0,34493600	-0,14109700
0,36138700	-0,13977000
0,37783800	-0,14366700
0,39429500	-0,15179900
0,41077100	-0,16444400
0,42726700	-0,18493500
0,44378300	-0,21033400
0,46032100	-0,23257600
0,47688700	-0,24799900
0,49347900	-0,25746400
0,51008700	-0,26336000
0,52543000	-0,26732900
0,53822200	-0,26930600
0,54888500	-0,26918600
0,55777000	-0,26861300
0,56517600	-0,26719900
0,57134800	-0,26585100
0,57750600	-0,26398200
0,58489600	-0,26028400
0,59376200	-0,25593900
0,60410200	-0,24988600
0,61542500	-0,24227900
0,62732500	-0,23327200
0,63920100	-0,22216700
0,65105200	-0,20759000
0,66287800	-0,18953000
0,67468900	-0,16975300
0,68649500	-0,15161200
0,69827400	-0,13865000
0,71002900	-0,13027700
0,72176900	-0,11638400
0,73350400	-0,09128450
0,74524600	-0,07281650
0,75700400	-0,07286480
0,76872600	-0,06751550
0,78047800	-0,05480900
0,79224300	-0,04854370
0,80399700	-0,04140880
0,81576000	-0,03220300
0,82752800	-0,02400900
0,83931000	-0,02123890
0,85110500	-0,02059420
0,86289900	-0,01442620
0,87469200	-0,00241416
0,88649200	0,00481378
0,89829900	0,01063240
0,91010300	0,02290000
0,92192600	0,02931500
0,93374600	0,03786150
0,94556200	0,05586840
0,95739000	0,07155740
0,96923900	0,08134360
0,97978800	0,09094060
0,98766400	0,10243700
0,99320900	0,10849500
0,99711400	0,10752300
0,99986400	0,10376500

NACELLE SECTION       PHI 300 DEGREES INBOARD SIDE
     X/C             CP      
0,99849000	0,03342950
0,99849000	0,03342920
0,99682900	0,08643710
0,99483600	0,10228400
0,99244400	0,12711800
0,98957400	0,14188300
0,98613000	0,16117900
0,98199800	0,17773000
0,97703800	0,19709300
0,97108700	0,21628900
0,96394600	0,23791500
0,95537600	0,26077700
0,94509200	0,28614000
0,93275200	0,31362700
0,91794300	0,34396100
0,90017300	0,37704400
0,87884900	0,41342600
0,85326000	0,45297700
0,82255400	0,49604300
0,78570600	0,54742600
0,74868600	0,59692500
0,71154500	0,60981500
0,67435100	0,60058500
0,63719800	0,59528700
0,60004400	0,59104200
0,56289000	0,58843200
0,53780300	0,58659100
0,52573600	0,58570500
0,48858100	0,58355900
0,45142700	0,58099800
0,41427200	0,57933200
0,37711700	0,57611700
0,33996300	0,57731000
0,30280800	0,57082500
0,26565400	0,58850100
0,22844900	0,58830400
0,19126600	0,53753100
0,15907300	0,48473000
0,13225300	0,43409300
0,10990800	0,38771000
0,09129020	0,33943000
0,07577990	0,28737800
0,06285900	0,22871800
0,05209620	0,12767400
0,04312950	-0,02966970
0,03562760	-0,16090600
0,02937000	-0,21496200
0,02418420	-0,20865700
0,01991270	-0,17810500
0,01641910	-0,06016220
0,01173320	0,11991000
0,00830948	0,30210500
0,00825986	0,30603500
0,00581507	0,49916200
0,00401157	0,68154600
0,00272615	0,83997300
0,00120794	1,05261000
0,00120794	1,05261000
0,00044278	1,13300000
0,00023837	1,14480000
0,00012383	1,14143000
0,00006183	1,13005000
0,00002830	1,11429000
0,00001098	1,09796000
0,00000247	1,07934000
0,00000000	1,06176000
0,00000347	1,04066000
0,00001750	1,00778000
0,00004991	0,96703300
0,00011240	0,90974100
0,00022380	0,83893000
0,00041210	0,75723400
0,00070960	0,67958100
0,00070960	0,67958200
0,00169423	0,50848900
0,00169424	0,50848900
0,00350680	0,26674900
0,00350680	0,26674800
0,00493349	0,17517500
0,00683491	0,09729140
0,00936571	0,01435260
0,01276950	-0,06322090
0,01742010	-0,14095300
0,02054530	-0,19144900
0,02436850	-0,20518300
0,02904530	-0,21744500
0,03472720	-0,23148300
0,04118200	-0,25468700
0,04770490	-0,27082600
0,05428270	-0,27588700
0,06090320	-0,27344100
0,06755680	-0,27103800
0,07423170	-0,27111100
0,08092590	-0,27204000
0,08764330	-0,26960100
0,09437320	-0,27255300
0,10111700	-0,28454700
0,10709700	-0,29075700
0,11210000	-0,29943900
0,11750700	-0,30741000
0,12399900	-0,30817300
0,13181500	-0,30829400
0,14121000	-0,30264300
0,15250800	-0,29178900
0,16608900	-0,27820800
0,17972000	-0,26066700
0,19336600	-0,23696100
0,20702100	-0,21011000
0,22067600	-0,17890600
0,23432600	-0,14396400
0,24796700	-0,10901700
0,26159900	-0,07287270
0,27522200	-0,04011910
0,28883500	-0,01269640
0,30244200	0,01299690
0,31604600	0,03592450
0,32964800	0,05484050
0,34325000	0,07029670
0,35685000	0,08369330
0,37045100	0,09386550
0,38405300	0,10062100
0,39765500	0,10514300
0,41125700	0,10617400
0,42485900	0,10169100
0,43846400	0,09146710
0,45187800	0,07727460
0,46432900	0,06101790
0,47469900	0,04610520
0,48333600	0,03315580
0,49053100	0,02147400
0,49652400	0,00846106
0,50255000	-0,00414016
0,50878500	-0,01768490
0,51527000	-0,03517570
0,52205700	-0,05345510
0,52921100	-0,07507140
0,53659000	-0,09999090
0,54397800	-0,12602600
0,55137500	-0,15371100
0,55878700	-0,18316900
0,56621100	-0,21400000
0,57364600	-0,24567400
0,58110100	-0,27824100
0,58857100	-0,31157200
0,59605600	-0,34518400
0,60355800	-0,37865700
0,61107500	-0,41186500
0,61902100	-0,44696800
0,62872100	-0,48834000
0,64058500	-0,53541000
0,65508000	-0,58247400
0,67263400	-0,62206700
0,69352600	-0,65130800
0,71783800	-0,66196800
0,74519000	-0,62458200
0,77492700	-0,54286600
0,80580900	-0,42651800
0,83642300	-0,30214800
0,86538900	-0,22423000
0,89158500	-0,18286000
0,91438600	-0,14170900
0,93363100	-0,10073900
0,94947400	-0,06219950
0,96235200	-0,03178480
0,97275400	-0,01259030
0,98116600	0,00526277
0,98759900	0,02148790
0,99230100	0,03110550
0,99572200	0,03771250
0,99820400	0,03660410
1,00000000	0,04836790

